120.2059787142857 120.20955914285715 30.30052242857143 30.303376
120.2059787142857 120.20955914285715 30.297668857142856 30.30052242857143
120.2059787142857 120.20955914285715 30.294815285714286 30.297668857142856
120.2059787142857 120.20955914285715 30.291961714285716 30.294815285714286
120.2059787142857 120.20955914285715 30.289108142857142 30.291961714285716
120.2059787142857 120.20955914285715 30.28625457142857 30.289108142857142
120.2059787142857 120.20955914285715 30.283400999999998 30.28625457142857
120.2059787142857 120.20955914285715 30.280547428571428 30.283400999999998
120.2059787142857 120.20955914285715 30.277693857142857 30.280547428571428
120.2059787142857 120.20955914285715 30.274840285714284 30.277693857142857
120.2059787142857 120.20955914285715 30.271986714285713 30.274840285714284
120.2059787142857 120.20955914285715 30.269133142857143 30.271986714285713
120.2059787142857 120.20955914285715 30.26627957142857 30.269133142857143
120.2059787142857 120.20955914285715 30.263426 30.26627957142857
120.2059787142857 120.20955914285715 30.26057242857143 30.263426
