120.17733528571429 120.18091571428572 30.30052242857143 30.303376
120.17733528571429 120.18091571428572 30.297668857142856 30.30052242857143
120.17733528571429 120.18091571428572 30.294815285714286 30.297668857142856
120.17733528571429 120.18091571428572 30.291961714285716 30.294815285714286
120.17733528571429 120.18091571428572 30.289108142857142 30.291961714285716
120.17733528571429 120.18091571428572 30.28625457142857 30.289108142857142
120.17733528571429 120.18091571428572 30.283400999999998 30.28625457142857
120.17733528571429 120.18091571428572 30.280547428571428 30.283400999999998
120.17733528571429 120.18091571428572 30.277693857142857 30.280547428571428
120.17733528571429 120.18091571428572 30.274840285714284 30.277693857142857
120.17733528571429 120.18091571428572 30.271986714285713 30.274840285714284
120.17733528571429 120.18091571428572 30.269133142857143 30.271986714285713
120.17733528571429 120.18091571428572 30.26627957142857 30.269133142857143
120.17733528571429 120.18091571428572 30.263426 30.26627957142857
120.17733528571429 120.18091571428572 30.26057242857143 30.263426
