120.166594 120.17017442857143 30.30052242857143 30.303376
120.166594 120.17017442857143 30.297668857142856 30.30052242857143
120.166594 120.17017442857143 30.294815285714286 30.297668857142856
120.166594 120.17017442857143 30.291961714285716 30.294815285714286
120.166594 120.17017442857143 30.289108142857142 30.291961714285716
120.166594 120.17017442857143 30.28625457142857 30.289108142857142
120.166594 120.17017442857143 30.283400999999998 30.28625457142857
120.166594 120.17017442857143 30.280547428571428 30.283400999999998
120.166594 120.17017442857143 30.277693857142857 30.280547428571428
120.166594 120.17017442857143 30.274840285714284 30.277693857142857
120.166594 120.17017442857143 30.271986714285713 30.274840285714284
120.166594 120.17017442857143 30.269133142857143 30.271986714285713
120.166594 120.17017442857143 30.26627957142857 30.269133142857143
120.166594 120.17017442857143 30.263426 30.26627957142857
120.166594 120.17017442857143 30.26057242857143 30.263426
120.17017442857143 120.17375485714285 30.30052242857143 30.303376
120.17017442857143 120.17375485714285 30.297668857142856 30.30052242857143
120.17017442857143 120.17375485714285 30.294815285714286 30.297668857142856
120.17017442857143 120.17375485714285 30.291961714285716 30.294815285714286
120.17017442857143 120.17375485714285 30.289108142857142 30.291961714285716
120.17017442857143 120.17375485714285 30.28625457142857 30.289108142857142
120.17017442857143 120.17375485714285 30.283400999999998 30.28625457142857
120.17017442857143 120.17375485714285 30.280547428571428 30.283400999999998
120.17017442857143 120.17375485714285 30.277693857142857 30.280547428571428
120.17017442857143 120.17375485714285 30.274840285714284 30.277693857142857
120.17017442857143 120.17375485714285 30.271986714285713 30.274840285714284
120.17017442857143 120.17375485714285 30.269133142857143 30.271986714285713
120.17017442857143 120.17375485714285 30.26627957142857 30.269133142857143
120.17017442857143 120.17375485714285 30.263426 30.26627957142857
120.17017442857143 120.17375485714285 30.26057242857143 30.263426
120.17375485714285 120.17733528571429 30.30052242857143 30.303376
120.17375485714285 120.17733528571429 30.297668857142856 30.30052242857143
120.17375485714285 120.17733528571429 30.294815285714286 30.297668857142856
120.17375485714285 120.17733528571429 30.291961714285716 30.294815285714286
120.17375485714285 120.17733528571429 30.289108142857142 30.291961714285716
120.17375485714285 120.17733528571429 30.28625457142857 30.289108142857142
120.17375485714285 120.17733528571429 30.283400999999998 30.28625457142857
120.17375485714285 120.17733528571429 30.280547428571428 30.283400999999998
120.17375485714285 120.17733528571429 30.277693857142857 30.280547428571428
120.17375485714285 120.17733528571429 30.274840285714284 30.277693857142857
120.17375485714285 120.17733528571429 30.271986714285713 30.274840285714284
120.17375485714285 120.17733528571429 30.269133142857143 30.271986714285713
120.17375485714285 120.17733528571429 30.26627957142857 30.269133142857143
120.17375485714285 120.17733528571429 30.263426 30.26627957142857
120.17375485714285 120.17733528571429 30.26057242857143 30.263426
120.17733528571429 120.18091571428572 30.30052242857143 30.303376
120.17733528571429 120.18091571428572 30.297668857142856 30.30052242857143
120.17733528571429 120.18091571428572 30.294815285714286 30.297668857142856
120.17733528571429 120.18091571428572 30.291961714285716 30.294815285714286
120.17733528571429 120.18091571428572 30.289108142857142 30.291961714285716
120.17733528571429 120.18091571428572 30.28625457142857 30.289108142857142
120.17733528571429 120.18091571428572 30.283400999999998 30.28625457142857
120.17733528571429 120.18091571428572 30.280547428571428 30.283400999999998
120.17733528571429 120.18091571428572 30.277693857142857 30.280547428571428
120.17733528571429 120.18091571428572 30.274840285714284 30.277693857142857
120.17733528571429 120.18091571428572 30.271986714285713 30.274840285714284
120.17733528571429 120.18091571428572 30.269133142857143 30.271986714285713
120.17733528571429 120.18091571428572 30.26627957142857 30.269133142857143
120.17733528571429 120.18091571428572 30.263426 30.26627957142857
120.17733528571429 120.18091571428572 30.26057242857143 30.263426
120.18091571428572 120.18449614285714 30.30052242857143 30.303376
120.18091571428572 120.18449614285714 30.297668857142856 30.30052242857143
120.18091571428572 120.18449614285714 30.294815285714286 30.297668857142856
120.18091571428572 120.18449614285714 30.291961714285716 30.294815285714286
120.18091571428572 120.18449614285714 30.289108142857142 30.291961714285716
120.18091571428572 120.18449614285714 30.28625457142857 30.289108142857142
120.18091571428572 120.18449614285714 30.283400999999998 30.28625457142857
120.18091571428572 120.18449614285714 30.280547428571428 30.283400999999998
120.18091571428572 120.18449614285714 30.277693857142857 30.280547428571428
120.18091571428572 120.18449614285714 30.274840285714284 30.277693857142857
120.18091571428572 120.18449614285714 30.271986714285713 30.274840285714284
120.18091571428572 120.18449614285714 30.269133142857143 30.271986714285713
120.18091571428572 120.18449614285714 30.26627957142857 30.269133142857143
120.18091571428572 120.18449614285714 30.263426 30.26627957142857
120.18091571428572 120.18449614285714 30.26057242857143 30.263426
120.18449614285714 120.18807657142857 30.30052242857143 30.303376
120.18449614285714 120.18807657142857 30.297668857142856 30.30052242857143
120.18449614285714 120.18807657142857 30.294815285714286 30.297668857142856
120.18449614285714 120.18807657142857 30.291961714285716 30.294815285714286
120.18449614285714 120.18807657142857 30.289108142857142 30.291961714285716
120.18449614285714 120.18807657142857 30.28625457142857 30.289108142857142
120.18449614285714 120.18807657142857 30.283400999999998 30.28625457142857
120.18449614285714 120.18807657142857 30.280547428571428 30.283400999999998
120.18449614285714 120.18807657142857 30.277693857142857 30.280547428571428
120.18449614285714 120.18807657142857 30.274840285714284 30.277693857142857
120.18449614285714 120.18807657142857 30.271986714285713 30.274840285714284
120.18449614285714 120.18807657142857 30.269133142857143 30.271986714285713
120.18449614285714 120.18807657142857 30.26627957142857 30.269133142857143
120.18449614285714 120.18807657142857 30.263426 30.26627957142857
120.18449614285714 120.18807657142857 30.26057242857143 30.263426
120.18807657142857 120.19165699999999 30.30052242857143 30.303376
120.18807657142857 120.19165699999999 30.297668857142856 30.30052242857143
120.18807657142857 120.19165699999999 30.294815285714286 30.297668857142856
120.18807657142857 120.19165699999999 30.291961714285716 30.294815285714286
120.18807657142857 120.19165699999999 30.289108142857142 30.291961714285716
120.18807657142857 120.19165699999999 30.28625457142857 30.289108142857142
120.18807657142857 120.19165699999999 30.283400999999998 30.28625457142857
120.18807657142857 120.19165699999999 30.280547428571428 30.283400999999998
120.18807657142857 120.19165699999999 30.277693857142857 30.280547428571428
120.18807657142857 120.19165699999999 30.274840285714284 30.277693857142857
120.18807657142857 120.19165699999999 30.271986714285713 30.274840285714284
120.18807657142857 120.19165699999999 30.269133142857143 30.271986714285713
120.18807657142857 120.19165699999999 30.26627957142857 30.269133142857143
120.18807657142857 120.19165699999999 30.263426 30.26627957142857
120.18807657142857 120.19165699999999 30.26057242857143 30.263426
120.19165699999999 120.19523742857143 30.30052242857143 30.303376
120.19165699999999 120.19523742857143 30.297668857142856 30.30052242857143
120.19165699999999 120.19523742857143 30.294815285714286 30.297668857142856
120.19165699999999 120.19523742857143 30.291961714285716 30.294815285714286
120.19165699999999 120.19523742857143 30.289108142857142 30.291961714285716
120.19165699999999 120.19523742857143 30.28625457142857 30.289108142857142
120.19165699999999 120.19523742857143 30.283400999999998 30.28625457142857
120.19165699999999 120.19523742857143 30.280547428571428 30.283400999999998
120.19165699999999 120.19523742857143 30.277693857142857 30.280547428571428
120.19165699999999 120.19523742857143 30.274840285714284 30.277693857142857
120.19165699999999 120.19523742857143 30.271986714285713 30.274840285714284
120.19165699999999 120.19523742857143 30.269133142857143 30.271986714285713
120.19165699999999 120.19523742857143 30.26627957142857 30.269133142857143
120.19165699999999 120.19523742857143 30.263426 30.26627957142857
120.19165699999999 120.19523742857143 30.26057242857143 30.263426
120.19523742857143 120.19881785714286 30.30052242857143 30.303376
120.19523742857143 120.19881785714286 30.297668857142856 30.30052242857143
120.19523742857143 120.19881785714286 30.294815285714286 30.297668857142856
120.19523742857143 120.19881785714286 30.291961714285716 30.294815285714286
120.19523742857143 120.19881785714286 30.289108142857142 30.291961714285716
120.19523742857143 120.19881785714286 30.28625457142857 30.289108142857142
120.19523742857143 120.19881785714286 30.283400999999998 30.28625457142857
120.19523742857143 120.19881785714286 30.280547428571428 30.283400999999998
120.19523742857143 120.19881785714286 30.277693857142857 30.280547428571428
120.19523742857143 120.19881785714286 30.274840285714284 30.277693857142857
120.19523742857143 120.19881785714286 30.271986714285713 30.274840285714284
120.19523742857143 120.19881785714286 30.269133142857143 30.271986714285713
120.19523742857143 120.19881785714286 30.26627957142857 30.269133142857143
120.19523742857143 120.19881785714286 30.263426 30.26627957142857
120.19523742857143 120.19881785714286 30.26057242857143 30.263426
120.19881785714286 120.20239828571428 30.30052242857143 30.303376
120.19881785714286 120.20239828571428 30.297668857142856 30.30052242857143
120.19881785714286 120.20239828571428 30.294815285714286 30.297668857142856
120.19881785714286 120.20239828571428 30.291961714285716 30.294815285714286
120.19881785714286 120.20239828571428 30.289108142857142 30.291961714285716
120.19881785714286 120.20239828571428 30.28625457142857 30.289108142857142
120.19881785714286 120.20239828571428 30.283400999999998 30.28625457142857
120.19881785714286 120.20239828571428 30.280547428571428 30.283400999999998
120.19881785714286 120.20239828571428 30.277693857142857 30.280547428571428
120.19881785714286 120.20239828571428 30.274840285714284 30.277693857142857
120.19881785714286 120.20239828571428 30.271986714285713 30.274840285714284
120.19881785714286 120.20239828571428 30.269133142857143 30.271986714285713
120.19881785714286 120.20239828571428 30.26627957142857 30.269133142857143
120.19881785714286 120.20239828571428 30.263426 30.26627957142857
120.19881785714286 120.20239828571428 30.26057242857143 30.263426
120.20239828571428 120.2059787142857 30.30052242857143 30.303376
120.20239828571428 120.2059787142857 30.297668857142856 30.30052242857143
120.20239828571428 120.2059787142857 30.294815285714286 30.297668857142856
120.20239828571428 120.2059787142857 30.291961714285716 30.294815285714286
120.20239828571428 120.2059787142857 30.289108142857142 30.291961714285716
120.20239828571428 120.2059787142857 30.28625457142857 30.289108142857142
120.20239828571428 120.2059787142857 30.283400999999998 30.28625457142857
120.20239828571428 120.2059787142857 30.280547428571428 30.283400999999998
120.20239828571428 120.2059787142857 30.277693857142857 30.280547428571428
120.20239828571428 120.2059787142857 30.274840285714284 30.277693857142857
120.20239828571428 120.2059787142857 30.271986714285713 30.274840285714284
120.20239828571428 120.2059787142857 30.269133142857143 30.271986714285713
120.20239828571428 120.2059787142857 30.26627957142857 30.269133142857143
120.20239828571428 120.2059787142857 30.263426 30.26627957142857
120.20239828571428 120.2059787142857 30.26057242857143 30.263426
120.2059787142857 120.20955914285715 30.30052242857143 30.303376
120.2059787142857 120.20955914285715 30.297668857142856 30.30052242857143
120.2059787142857 120.20955914285715 30.294815285714286 30.297668857142856
120.2059787142857 120.20955914285715 30.291961714285716 30.294815285714286
120.2059787142857 120.20955914285715 30.289108142857142 30.291961714285716
120.2059787142857 120.20955914285715 30.28625457142857 30.289108142857142
120.2059787142857 120.20955914285715 30.283400999999998 30.28625457142857
120.2059787142857 120.20955914285715 30.280547428571428 30.283400999999998
120.2059787142857 120.20955914285715 30.277693857142857 30.280547428571428
120.2059787142857 120.20955914285715 30.274840285714284 30.277693857142857
120.2059787142857 120.20955914285715 30.271986714285713 30.274840285714284
120.2059787142857 120.20955914285715 30.269133142857143 30.271986714285713
120.2059787142857 120.20955914285715 30.26627957142857 30.269133142857143
120.2059787142857 120.20955914285715 30.263426 30.26627957142857
120.2059787142857 120.20955914285715 30.26057242857143 30.263426
120.20955914285715 120.21313957142857 30.30052242857143 30.303376
120.20955914285715 120.21313957142857 30.297668857142856 30.30052242857143
120.20955914285715 120.21313957142857 30.294815285714286 30.297668857142856
120.20955914285715 120.21313957142857 30.291961714285716 30.294815285714286
120.20955914285715 120.21313957142857 30.289108142857142 30.291961714285716
120.20955914285715 120.21313957142857 30.28625457142857 30.289108142857142
120.20955914285715 120.21313957142857 30.283400999999998 30.28625457142857
120.20955914285715 120.21313957142857 30.280547428571428 30.283400999999998
120.20955914285715 120.21313957142857 30.277693857142857 30.280547428571428
120.20955914285715 120.21313957142857 30.274840285714284 30.277693857142857
120.20955914285715 120.21313957142857 30.271986714285713 30.274840285714284
120.20955914285715 120.21313957142857 30.269133142857143 30.271986714285713
120.20955914285715 120.21313957142857 30.26627957142857 30.269133142857143
120.20955914285715 120.21313957142857 30.263426 30.26627957142857
120.20955914285715 120.21313957142857 30.26057242857143 30.263426
120.21313957142857 120.21672 30.30052242857143 30.303376
120.21313957142857 120.21672 30.297668857142856 30.30052242857143
120.21313957142857 120.21672 30.294815285714286 30.297668857142856
120.21313957142857 120.21672 30.291961714285716 30.294815285714286
120.21313957142857 120.21672 30.289108142857142 30.291961714285716
120.21313957142857 120.21672 30.28625457142857 30.289108142857142
120.21313957142857 120.21672 30.283400999999998 30.28625457142857
120.21313957142857 120.21672 30.280547428571428 30.283400999999998
120.21313957142857 120.21672 30.277693857142857 30.280547428571428
120.21313957142857 120.21672 30.274840285714284 30.277693857142857
120.21313957142857 120.21672 30.271986714285713 30.274840285714284
120.21313957142857 120.21672 30.269133142857143 30.271986714285713
120.21313957142857 120.21672 30.26627957142857 30.269133142857143
120.21313957142857 120.21672 30.263426 30.26627957142857
120.21313957142857 120.21672 30.26057242857143 30.263426
120.21672 120.22030042857142 30.30052242857143 30.303376
120.21672 120.22030042857142 30.297668857142856 30.30052242857143
120.21672 120.22030042857142 30.294815285714286 30.297668857142856
120.21672 120.22030042857142 30.291961714285716 30.294815285714286
120.21672 120.22030042857142 30.289108142857142 30.291961714285716
120.21672 120.22030042857142 30.28625457142857 30.289108142857142
120.21672 120.22030042857142 30.283400999999998 30.28625457142857
120.21672 120.22030042857142 30.280547428571428 30.283400999999998
120.21672 120.22030042857142 30.277693857142857 30.280547428571428
120.21672 120.22030042857142 30.274840285714284 30.277693857142857
120.21672 120.22030042857142 30.271986714285713 30.274840285714284
120.21672 120.22030042857142 30.269133142857143 30.271986714285713
120.21672 120.22030042857142 30.26627957142857 30.269133142857143
120.21672 120.22030042857142 30.263426 30.26627957142857
120.21672 120.22030042857142 30.26057242857143 30.263426