120.166594 120.16826486666668 30.302044333333335 30.303376
120.166594 120.16826486666668 30.300712666666666 30.302044333333335
120.166594 120.16826486666668 30.299381 30.300712666666666
120.166594 120.16826486666668 30.298049333333335 30.299381
120.166594 120.16826486666668 30.296717666666666 30.298049333333335
120.166594 120.16826486666668 30.295386 30.296717666666666
120.166594 120.16826486666668 30.29405433333333 30.295386
120.166594 120.16826486666668 30.292722666666666 30.29405433333333
120.166594 120.16826486666668 30.291391 30.292722666666666
120.166594 120.16826486666668 30.290059333333332 30.291391
120.166594 120.16826486666668 30.288727666666666 30.290059333333332
120.166594 120.16826486666668 30.287396 30.288727666666666
120.166594 120.16826486666668 30.286064333333332 30.287396
120.166594 120.16826486666668 30.284732666666667 30.286064333333332
120.166594 120.16826486666668 30.283400999999998 30.284732666666667
120.166594 120.16826486666668 30.282069333333332 30.283400999999998
120.166594 120.16826486666668 30.280737666666667 30.282069333333332
120.166594 120.16826486666668 30.279405999999998 30.280737666666667
120.166594 120.16826486666668 30.278074333333333 30.279405999999998
120.166594 120.16826486666668 30.276742666666667 30.278074333333333
120.166594 120.16826486666668 30.275411 30.276742666666667
120.166594 120.16826486666668 30.274079333333333 30.275411
120.166594 120.16826486666668 30.272747666666667 30.274079333333333
120.166594 120.16826486666668 30.271416 30.272747666666667
120.166594 120.16826486666668 30.270084333333333 30.271416
120.166594 120.16826486666668 30.268752666666664 30.270084333333333
120.166594 120.16826486666668 30.267421 30.268752666666664
120.166594 120.16826486666668 30.266089333333333 30.267421
120.166594 120.16826486666668 30.264757666666664 30.266089333333333
120.166594 120.16826486666668 30.263426 30.264757666666664
120.166594 120.16826486666668 30.262094333333334 30.263426
120.16826486666668 120.16993573333333 30.302044333333335 30.303376
120.16826486666668 120.16993573333333 30.300712666666666 30.302044333333335
120.16826486666668 120.16993573333333 30.299381 30.300712666666666
120.16826486666668 120.16993573333333 30.298049333333335 30.299381
120.16826486666668 120.16993573333333 30.296717666666666 30.298049333333335
120.16826486666668 120.16993573333333 30.295386 30.296717666666666
120.16826486666668 120.16993573333333 30.29405433333333 30.295386
120.16826486666668 120.16993573333333 30.292722666666666 30.29405433333333
120.16826486666668 120.16993573333333 30.291391 30.292722666666666
120.16826486666668 120.16993573333333 30.290059333333332 30.291391
120.16826486666668 120.16993573333333 30.288727666666666 30.290059333333332
120.16826486666668 120.16993573333333 30.287396 30.288727666666666
120.16826486666668 120.16993573333333 30.286064333333332 30.287396
120.16826486666668 120.16993573333333 30.284732666666667 30.286064333333332
120.16826486666668 120.16993573333333 30.283400999999998 30.284732666666667
120.16826486666668 120.16993573333333 30.282069333333332 30.283400999999998
120.16826486666668 120.16993573333333 30.280737666666667 30.282069333333332
120.16826486666668 120.16993573333333 30.279405999999998 30.280737666666667
120.16826486666668 120.16993573333333 30.278074333333333 30.279405999999998
120.16826486666668 120.16993573333333 30.276742666666667 30.278074333333333
120.16826486666668 120.16993573333333 30.275411 30.276742666666667
120.16826486666668 120.16993573333333 30.274079333333333 30.275411
120.16826486666668 120.16993573333333 30.272747666666667 30.274079333333333
120.16826486666668 120.16993573333333 30.271416 30.272747666666667
120.16826486666668 120.16993573333333 30.270084333333333 30.271416
120.16826486666668 120.16993573333333 30.268752666666664 30.270084333333333
120.16826486666668 120.16993573333333 30.267421 30.268752666666664
120.16826486666668 120.16993573333333 30.266089333333333 30.267421
120.16826486666668 120.16993573333333 30.264757666666664 30.266089333333333
120.16826486666668 120.16993573333333 30.263426 30.264757666666664
120.16826486666668 120.16993573333333 30.262094333333334 30.263426
120.16993573333333 120.1716066 30.302044333333335 30.303376
120.16993573333333 120.1716066 30.300712666666666 30.302044333333335
120.16993573333333 120.1716066 30.299381 30.300712666666666
120.16993573333333 120.1716066 30.298049333333335 30.299381
120.16993573333333 120.1716066 30.296717666666666 30.298049333333335
120.16993573333333 120.1716066 30.295386 30.296717666666666
120.16993573333333 120.1716066 30.29405433333333 30.295386
120.16993573333333 120.1716066 30.292722666666666 30.29405433333333
120.16993573333333 120.1716066 30.291391 30.292722666666666
120.16993573333333 120.1716066 30.290059333333332 30.291391
120.16993573333333 120.1716066 30.288727666666666 30.290059333333332
120.16993573333333 120.1716066 30.287396 30.288727666666666
120.16993573333333 120.1716066 30.286064333333332 30.287396
120.16993573333333 120.1716066 30.284732666666667 30.286064333333332
120.16993573333333 120.1716066 30.283400999999998 30.284732666666667
120.16993573333333 120.1716066 30.282069333333332 30.283400999999998
120.16993573333333 120.1716066 30.280737666666667 30.282069333333332
120.16993573333333 120.1716066 30.279405999999998 30.280737666666667
120.16993573333333 120.1716066 30.278074333333333 30.279405999999998
120.16993573333333 120.1716066 30.276742666666667 30.278074333333333
120.16993573333333 120.1716066 30.275411 30.276742666666667
120.16993573333333 120.1716066 30.274079333333333 30.275411
120.16993573333333 120.1716066 30.272747666666667 30.274079333333333
120.16993573333333 120.1716066 30.271416 30.272747666666667
120.16993573333333 120.1716066 30.270084333333333 30.271416
120.16993573333333 120.1716066 30.268752666666664 30.270084333333333
120.16993573333333 120.1716066 30.267421 30.268752666666664
120.16993573333333 120.1716066 30.266089333333333 30.267421
120.16993573333333 120.1716066 30.264757666666664 30.266089333333333
120.16993573333333 120.1716066 30.263426 30.264757666666664
120.16993573333333 120.1716066 30.262094333333334 30.263426
120.1716066 120.17327746666668 30.302044333333335 30.303376
120.1716066 120.17327746666668 30.300712666666666 30.302044333333335
120.1716066 120.17327746666668 30.299381 30.300712666666666
120.1716066 120.17327746666668 30.298049333333335 30.299381
120.1716066 120.17327746666668 30.296717666666666 30.298049333333335
120.1716066 120.17327746666668 30.295386 30.296717666666666
120.1716066 120.17327746666668 30.29405433333333 30.295386
120.1716066 120.17327746666668 30.292722666666666 30.29405433333333
120.1716066 120.17327746666668 30.291391 30.292722666666666
120.1716066 120.17327746666668 30.290059333333332 30.291391
120.1716066 120.17327746666668 30.288727666666666 30.290059333333332
120.1716066 120.17327746666668 30.287396 30.288727666666666
120.1716066 120.17327746666668 30.286064333333332 30.287396
120.1716066 120.17327746666668 30.284732666666667 30.286064333333332
120.1716066 120.17327746666668 30.283400999999998 30.284732666666667
120.1716066 120.17327746666668 30.282069333333332 30.283400999999998
120.1716066 120.17327746666668 30.280737666666667 30.282069333333332
120.1716066 120.17327746666668 30.279405999999998 30.280737666666667
120.1716066 120.17327746666668 30.278074333333333 30.279405999999998
120.1716066 120.17327746666668 30.276742666666667 30.278074333333333
120.1716066 120.17327746666668 30.275411 30.276742666666667
120.1716066 120.17327746666668 30.274079333333333 30.275411
120.1716066 120.17327746666668 30.272747666666667 30.274079333333333
120.1716066 120.17327746666668 30.271416 30.272747666666667
120.1716066 120.17327746666668 30.270084333333333 30.271416
120.1716066 120.17327746666668 30.268752666666664 30.270084333333333
120.1716066 120.17327746666668 30.267421 30.268752666666664
120.1716066 120.17327746666668 30.266089333333333 30.267421
120.1716066 120.17327746666668 30.264757666666664 30.266089333333333
120.1716066 120.17327746666668 30.263426 30.264757666666664
120.1716066 120.17327746666668 30.262094333333334 30.263426
120.17327746666668 120.17494833333333 30.302044333333335 30.303376
120.17327746666668 120.17494833333333 30.300712666666666 30.302044333333335
120.17327746666668 120.17494833333333 30.299381 30.300712666666666
120.17327746666668 120.17494833333333 30.298049333333335 30.299381
120.17327746666668 120.17494833333333 30.296717666666666 30.298049333333335
120.17327746666668 120.17494833333333 30.295386 30.296717666666666
120.17327746666668 120.17494833333333 30.29405433333333 30.295386
120.17327746666668 120.17494833333333 30.292722666666666 30.29405433333333
120.17327746666668 120.17494833333333 30.291391 30.292722666666666
120.17327746666668 120.17494833333333 30.290059333333332 30.291391
120.17327746666668 120.17494833333333 30.288727666666666 30.290059333333332
120.17327746666668 120.17494833333333 30.287396 30.288727666666666
120.17327746666668 120.17494833333333 30.286064333333332 30.287396
120.17327746666668 120.17494833333333 30.284732666666667 30.286064333333332
120.17327746666668 120.17494833333333 30.283400999999998 30.284732666666667
120.17327746666668 120.17494833333333 30.282069333333332 30.283400999999998
120.17327746666668 120.17494833333333 30.280737666666667 30.282069333333332
120.17327746666668 120.17494833333333 30.279405999999998 30.280737666666667
120.17327746666668 120.17494833333333 30.278074333333333 30.279405999999998
120.17327746666668 120.17494833333333 30.276742666666667 30.278074333333333
120.17327746666668 120.17494833333333 30.275411 30.276742666666667
120.17327746666668 120.17494833333333 30.274079333333333 30.275411
120.17327746666668 120.17494833333333 30.272747666666667 30.274079333333333
120.17327746666668 120.17494833333333 30.271416 30.272747666666667
120.17327746666668 120.17494833333333 30.270084333333333 30.271416
120.17327746666668 120.17494833333333 30.268752666666664 30.270084333333333
120.17327746666668 120.17494833333333 30.267421 30.268752666666664
120.17327746666668 120.17494833333333 30.266089333333333 30.267421
120.17327746666668 120.17494833333333 30.264757666666664 30.266089333333333
120.17327746666668 120.17494833333333 30.263426 30.264757666666664
120.17327746666668 120.17494833333333 30.262094333333334 30.263426
120.17494833333333 120.1766192 30.302044333333335 30.303376
120.17494833333333 120.1766192 30.300712666666666 30.302044333333335
120.17494833333333 120.1766192 30.299381 30.300712666666666
120.17494833333333 120.1766192 30.298049333333335 30.299381
120.17494833333333 120.1766192 30.296717666666666 30.298049333333335
120.17494833333333 120.1766192 30.295386 30.296717666666666
120.17494833333333 120.1766192 30.29405433333333 30.295386
120.17494833333333 120.1766192 30.292722666666666 30.29405433333333
120.17494833333333 120.1766192 30.291391 30.292722666666666
120.17494833333333 120.1766192 30.290059333333332 30.291391
120.17494833333333 120.1766192 30.288727666666666 30.290059333333332
120.17494833333333 120.1766192 30.287396 30.288727666666666
120.17494833333333 120.1766192 30.286064333333332 30.287396
120.17494833333333 120.1766192 30.284732666666667 30.286064333333332
120.17494833333333 120.1766192 30.283400999999998 30.284732666666667
120.17494833333333 120.1766192 30.282069333333332 30.283400999999998
120.17494833333333 120.1766192 30.280737666666667 30.282069333333332
120.17494833333333 120.1766192 30.279405999999998 30.280737666666667
120.17494833333333 120.1766192 30.278074333333333 30.279405999999998
120.17494833333333 120.1766192 30.276742666666667 30.278074333333333
120.17494833333333 120.1766192 30.275411 30.276742666666667
120.17494833333333 120.1766192 30.274079333333333 30.275411
120.17494833333333 120.1766192 30.272747666666667 30.274079333333333
120.17494833333333 120.1766192 30.271416 30.272747666666667
120.17494833333333 120.1766192 30.270084333333333 30.271416
120.17494833333333 120.1766192 30.268752666666664 30.270084333333333
120.17494833333333 120.1766192 30.267421 30.268752666666664
120.17494833333333 120.1766192 30.266089333333333 30.267421
120.17494833333333 120.1766192 30.264757666666664 30.266089333333333
120.17494833333333 120.1766192 30.263426 30.264757666666664
120.17494833333333 120.1766192 30.262094333333334 30.263426
120.1766192 120.17829006666666 30.302044333333335 30.303376
120.1766192 120.17829006666666 30.300712666666666 30.302044333333335
120.1766192 120.17829006666666 30.299381 30.300712666666666
120.1766192 120.17829006666666 30.298049333333335 30.299381
120.1766192 120.17829006666666 30.296717666666666 30.298049333333335
120.1766192 120.17829006666666 30.295386 30.296717666666666
120.1766192 120.17829006666666 30.29405433333333 30.295386
120.1766192 120.17829006666666 30.292722666666666 30.29405433333333
120.1766192 120.17829006666666 30.291391 30.292722666666666
120.1766192 120.17829006666666 30.290059333333332 30.291391
120.1766192 120.17829006666666 30.288727666666666 30.290059333333332
120.1766192 120.17829006666666 30.287396 30.288727666666666
120.1766192 120.17829006666666 30.286064333333332 30.287396
120.1766192 120.17829006666666 30.284732666666667 30.286064333333332
120.1766192 120.17829006666666 30.283400999999998 30.284732666666667
120.1766192 120.17829006666666 30.282069333333332 30.283400999999998
120.1766192 120.17829006666666 30.280737666666667 30.282069333333332
120.1766192 120.17829006666666 30.279405999999998 30.280737666666667
120.1766192 120.17829006666666 30.278074333333333 30.279405999999998
120.1766192 120.17829006666666 30.276742666666667 30.278074333333333
120.1766192 120.17829006666666 30.275411 30.276742666666667
120.1766192 120.17829006666666 30.274079333333333 30.275411
120.1766192 120.17829006666666 30.272747666666667 30.274079333333333
120.1766192 120.17829006666666 30.271416 30.272747666666667
120.1766192 120.17829006666666 30.270084333333333 30.271416
120.1766192 120.17829006666666 30.268752666666664 30.270084333333333
120.1766192 120.17829006666666 30.267421 30.268752666666664
120.1766192 120.17829006666666 30.266089333333333 30.267421
120.1766192 120.17829006666666 30.264757666666664 30.266089333333333
120.1766192 120.17829006666666 30.263426 30.264757666666664
120.1766192 120.17829006666666 30.262094333333334 30.263426
120.17829006666666 120.17996093333333 30.302044333333335 30.303376
120.17829006666666 120.17996093333333 30.300712666666666 30.302044333333335
120.17829006666666 120.17996093333333 30.299381 30.300712666666666
120.17829006666666 120.17996093333333 30.298049333333335 30.299381
120.17829006666666 120.17996093333333 30.296717666666666 30.298049333333335
120.17829006666666 120.17996093333333 30.295386 30.296717666666666
120.17829006666666 120.17996093333333 30.29405433333333 30.295386
120.17829006666666 120.17996093333333 30.292722666666666 30.29405433333333
120.17829006666666 120.17996093333333 30.291391 30.292722666666666
120.17829006666666 120.17996093333333 30.290059333333332 30.291391
120.17829006666666 120.17996093333333 30.288727666666666 30.290059333333332
120.17829006666666 120.17996093333333 30.287396 30.288727666666666
120.17829006666666 120.17996093333333 30.286064333333332 30.287396
120.17829006666666 120.17996093333333 30.284732666666667 30.286064333333332
120.17829006666666 120.17996093333333 30.283400999999998 30.284732666666667
120.17829006666666 120.17996093333333 30.282069333333332 30.283400999999998
120.17829006666666 120.17996093333333 30.280737666666667 30.282069333333332
120.17829006666666 120.17996093333333 30.279405999999998 30.280737666666667
120.17829006666666 120.17996093333333 30.278074333333333 30.279405999999998
120.17829006666666 120.17996093333333 30.276742666666667 30.278074333333333
120.17829006666666 120.17996093333333 30.275411 30.276742666666667
120.17829006666666 120.17996093333333 30.274079333333333 30.275411
120.17829006666666 120.17996093333333 30.272747666666667 30.274079333333333
120.17829006666666 120.17996093333333 30.271416 30.272747666666667
120.17829006666666 120.17996093333333 30.270084333333333 30.271416
120.17829006666666 120.17996093333333 30.268752666666664 30.270084333333333
120.17829006666666 120.17996093333333 30.267421 30.268752666666664
120.17829006666666 120.17996093333333 30.266089333333333 30.267421
120.17829006666666 120.17996093333333 30.264757666666664 30.266089333333333
120.17829006666666 120.17996093333333 30.263426 30.264757666666664
120.17829006666666 120.17996093333333 30.262094333333334 30.263426
120.17996093333333 120.1816318 30.302044333333335 30.303376
120.17996093333333 120.1816318 30.300712666666666 30.302044333333335
120.17996093333333 120.1816318 30.299381 30.300712666666666
120.17996093333333 120.1816318 30.298049333333335 30.299381
120.17996093333333 120.1816318 30.296717666666666 30.298049333333335
120.17996093333333 120.1816318 30.295386 30.296717666666666
120.17996093333333 120.1816318 30.29405433333333 30.295386
120.17996093333333 120.1816318 30.292722666666666 30.29405433333333
120.17996093333333 120.1816318 30.291391 30.292722666666666
120.17996093333333 120.1816318 30.290059333333332 30.291391
120.17996093333333 120.1816318 30.288727666666666 30.290059333333332
120.17996093333333 120.1816318 30.287396 30.288727666666666
120.17996093333333 120.1816318 30.286064333333332 30.287396
120.17996093333333 120.1816318 30.284732666666667 30.286064333333332
120.17996093333333 120.1816318 30.283400999999998 30.284732666666667
120.17996093333333 120.1816318 30.282069333333332 30.283400999999998
120.17996093333333 120.1816318 30.280737666666667 30.282069333333332
120.17996093333333 120.1816318 30.279405999999998 30.280737666666667
120.17996093333333 120.1816318 30.278074333333333 30.279405999999998
120.17996093333333 120.1816318 30.276742666666667 30.278074333333333
120.17996093333333 120.1816318 30.275411 30.276742666666667
120.17996093333333 120.1816318 30.274079333333333 30.275411
120.17996093333333 120.1816318 30.272747666666667 30.274079333333333
120.17996093333333 120.1816318 30.271416 30.272747666666667
120.17996093333333 120.1816318 30.270084333333333 30.271416
120.17996093333333 120.1816318 30.268752666666664 30.270084333333333
120.17996093333333 120.1816318 30.267421 30.268752666666664
120.17996093333333 120.1816318 30.266089333333333 30.267421
120.17996093333333 120.1816318 30.264757666666664 30.266089333333333
120.17996093333333 120.1816318 30.263426 30.264757666666664
120.17996093333333 120.1816318 30.262094333333334 30.263426
120.1816318 120.18330266666666 30.302044333333335 30.303376
120.1816318 120.18330266666666 30.300712666666666 30.302044333333335
120.1816318 120.18330266666666 30.299381 30.300712666666666
120.1816318 120.18330266666666 30.298049333333335 30.299381
120.1816318 120.18330266666666 30.296717666666666 30.298049333333335
120.1816318 120.18330266666666 30.295386 30.296717666666666
120.1816318 120.18330266666666 30.29405433333333 30.295386
120.1816318 120.18330266666666 30.292722666666666 30.29405433333333
120.1816318 120.18330266666666 30.291391 30.292722666666666
120.1816318 120.18330266666666 30.290059333333332 30.291391
120.1816318 120.18330266666666 30.288727666666666 30.290059333333332
120.1816318 120.18330266666666 30.287396 30.288727666666666
120.1816318 120.18330266666666 30.286064333333332 30.287396
120.1816318 120.18330266666666 30.284732666666667 30.286064333333332
120.1816318 120.18330266666666 30.283400999999998 30.284732666666667
120.1816318 120.18330266666666 30.282069333333332 30.283400999999998
120.1816318 120.18330266666666 30.280737666666667 30.282069333333332
120.1816318 120.18330266666666 30.279405999999998 30.280737666666667
120.1816318 120.18330266666666 30.278074333333333 30.279405999999998
120.1816318 120.18330266666666 30.276742666666667 30.278074333333333
120.1816318 120.18330266666666 30.275411 30.276742666666667
120.1816318 120.18330266666666 30.274079333333333 30.275411
120.1816318 120.18330266666666 30.272747666666667 30.274079333333333
120.1816318 120.18330266666666 30.271416 30.272747666666667
120.1816318 120.18330266666666 30.270084333333333 30.271416
120.1816318 120.18330266666666 30.268752666666664 30.270084333333333
120.1816318 120.18330266666666 30.267421 30.268752666666664
120.1816318 120.18330266666666 30.266089333333333 30.267421
120.1816318 120.18330266666666 30.264757666666664 30.266089333333333
120.1816318 120.18330266666666 30.263426 30.264757666666664
120.1816318 120.18330266666666 30.262094333333334 30.263426
120.18330266666666 120.18497353333333 30.302044333333335 30.303376
120.18330266666666 120.18497353333333 30.300712666666666 30.302044333333335
120.18330266666666 120.18497353333333 30.299381 30.300712666666666
120.18330266666666 120.18497353333333 30.298049333333335 30.299381
120.18330266666666 120.18497353333333 30.296717666666666 30.298049333333335
120.18330266666666 120.18497353333333 30.295386 30.296717666666666
120.18330266666666 120.18497353333333 30.29405433333333 30.295386
120.18330266666666 120.18497353333333 30.292722666666666 30.29405433333333
120.18330266666666 120.18497353333333 30.291391 30.292722666666666
120.18330266666666 120.18497353333333 30.290059333333332 30.291391
120.18330266666666 120.18497353333333 30.288727666666666 30.290059333333332
120.18330266666666 120.18497353333333 30.287396 30.288727666666666
120.18330266666666 120.18497353333333 30.286064333333332 30.287396
120.18330266666666 120.18497353333333 30.284732666666667 30.286064333333332
120.18330266666666 120.18497353333333 30.283400999999998 30.284732666666667
120.18330266666666 120.18497353333333 30.282069333333332 30.283400999999998
120.18330266666666 120.18497353333333 30.280737666666667 30.282069333333332
120.18330266666666 120.18497353333333 30.279405999999998 30.280737666666667
120.18330266666666 120.18497353333333 30.278074333333333 30.279405999999998
120.18330266666666 120.18497353333333 30.276742666666667 30.278074333333333
120.18330266666666 120.18497353333333 30.275411 30.276742666666667
120.18330266666666 120.18497353333333 30.274079333333333 30.275411
120.18330266666666 120.18497353333333 30.272747666666667 30.274079333333333
120.18330266666666 120.18497353333333 30.271416 30.272747666666667
120.18330266666666 120.18497353333333 30.270084333333333 30.271416
120.18330266666666 120.18497353333333 30.268752666666664 30.270084333333333
120.18330266666666 120.18497353333333 30.267421 30.268752666666664
120.18330266666666 120.18497353333333 30.266089333333333 30.267421
120.18330266666666 120.18497353333333 30.264757666666664 30.266089333333333
120.18330266666666 120.18497353333333 30.263426 30.264757666666664
120.18330266666666 120.18497353333333 30.262094333333334 30.263426
120.18497353333333 120.1866444 30.302044333333335 30.303376
120.18497353333333 120.1866444 30.300712666666666 30.302044333333335
120.18497353333333 120.1866444 30.299381 30.300712666666666
120.18497353333333 120.1866444 30.298049333333335 30.299381
120.18497353333333 120.1866444 30.296717666666666 30.298049333333335
120.18497353333333 120.1866444 30.295386 30.296717666666666
120.18497353333333 120.1866444 30.29405433333333 30.295386
120.18497353333333 120.1866444 30.292722666666666 30.29405433333333
120.18497353333333 120.1866444 30.291391 30.292722666666666
120.18497353333333 120.1866444 30.290059333333332 30.291391
120.18497353333333 120.1866444 30.288727666666666 30.290059333333332
120.18497353333333 120.1866444 30.287396 30.288727666666666
120.18497353333333 120.1866444 30.286064333333332 30.287396
120.18497353333333 120.1866444 30.284732666666667 30.286064333333332
120.18497353333333 120.1866444 30.283400999999998 30.284732666666667
120.18497353333333 120.1866444 30.282069333333332 30.283400999999998
120.18497353333333 120.1866444 30.280737666666667 30.282069333333332
120.18497353333333 120.1866444 30.279405999999998 30.280737666666667
120.18497353333333 120.1866444 30.278074333333333 30.279405999999998
120.18497353333333 120.1866444 30.276742666666667 30.278074333333333
120.18497353333333 120.1866444 30.275411 30.276742666666667
120.18497353333333 120.1866444 30.274079333333333 30.275411
120.18497353333333 120.1866444 30.272747666666667 30.274079333333333
120.18497353333333 120.1866444 30.271416 30.272747666666667
120.18497353333333 120.1866444 30.270084333333333 30.271416
120.18497353333333 120.1866444 30.268752666666664 30.270084333333333
120.18497353333333 120.1866444 30.267421 30.268752666666664
120.18497353333333 120.1866444 30.266089333333333 30.267421
120.18497353333333 120.1866444 30.264757666666664 30.266089333333333
120.18497353333333 120.1866444 30.263426 30.264757666666664
120.18497353333333 120.1866444 30.262094333333334 30.263426
120.1866444 120.18831526666666 30.302044333333335 30.303376
120.1866444 120.18831526666666 30.300712666666666 30.302044333333335
120.1866444 120.18831526666666 30.299381 30.300712666666666
120.1866444 120.18831526666666 30.298049333333335 30.299381
120.1866444 120.18831526666666 30.296717666666666 30.298049333333335
120.1866444 120.18831526666666 30.295386 30.296717666666666
120.1866444 120.18831526666666 30.29405433333333 30.295386
120.1866444 120.18831526666666 30.292722666666666 30.29405433333333
120.1866444 120.18831526666666 30.291391 30.292722666666666
120.1866444 120.18831526666666 30.290059333333332 30.291391
120.1866444 120.18831526666666 30.288727666666666 30.290059333333332
120.1866444 120.18831526666666 30.287396 30.288727666666666
120.1866444 120.18831526666666 30.286064333333332 30.287396
120.1866444 120.18831526666666 30.284732666666667 30.286064333333332
120.1866444 120.18831526666666 30.283400999999998 30.284732666666667
120.1866444 120.18831526666666 30.282069333333332 30.283400999999998
120.1866444 120.18831526666666 30.280737666666667 30.282069333333332
120.1866444 120.18831526666666 30.279405999999998 30.280737666666667
120.1866444 120.18831526666666 30.278074333333333 30.279405999999998
120.1866444 120.18831526666666 30.276742666666667 30.278074333333333
120.1866444 120.18831526666666 30.275411 30.276742666666667
120.1866444 120.18831526666666 30.274079333333333 30.275411
120.1866444 120.18831526666666 30.272747666666667 30.274079333333333
120.1866444 120.18831526666666 30.271416 30.272747666666667
120.1866444 120.18831526666666 30.270084333333333 30.271416
120.1866444 120.18831526666666 30.268752666666664 30.270084333333333
120.1866444 120.18831526666666 30.267421 30.268752666666664
120.1866444 120.18831526666666 30.266089333333333 30.267421
120.1866444 120.18831526666666 30.264757666666664 30.266089333333333
120.1866444 120.18831526666666 30.263426 30.264757666666664
120.1866444 120.18831526666666 30.262094333333334 30.263426
120.18831526666666 120.18998613333333 30.302044333333335 30.303376
120.18831526666666 120.18998613333333 30.300712666666666 30.302044333333335
120.18831526666666 120.18998613333333 30.299381 30.300712666666666
120.18831526666666 120.18998613333333 30.298049333333335 30.299381
120.18831526666666 120.18998613333333 30.296717666666666 30.298049333333335
120.18831526666666 120.18998613333333 30.295386 30.296717666666666
120.18831526666666 120.18998613333333 30.29405433333333 30.295386
120.18831526666666 120.18998613333333 30.292722666666666 30.29405433333333
120.18831526666666 120.18998613333333 30.291391 30.292722666666666
120.18831526666666 120.18998613333333 30.290059333333332 30.291391
120.18831526666666 120.18998613333333 30.288727666666666 30.290059333333332
120.18831526666666 120.18998613333333 30.287396 30.288727666666666
120.18831526666666 120.18998613333333 30.286064333333332 30.287396
120.18831526666666 120.18998613333333 30.284732666666667 30.286064333333332
120.18831526666666 120.18998613333333 30.283400999999998 30.284732666666667
120.18831526666666 120.18998613333333 30.282069333333332 30.283400999999998
120.18831526666666 120.18998613333333 30.280737666666667 30.282069333333332
120.18831526666666 120.18998613333333 30.279405999999998 30.280737666666667
120.18831526666666 120.18998613333333 30.278074333333333 30.279405999999998
120.18831526666666 120.18998613333333 30.276742666666667 30.278074333333333
120.18831526666666 120.18998613333333 30.275411 30.276742666666667
120.18831526666666 120.18998613333333 30.274079333333333 30.275411
120.18831526666666 120.18998613333333 30.272747666666667 30.274079333333333
120.18831526666666 120.18998613333333 30.271416 30.272747666666667
120.18831526666666 120.18998613333333 30.270084333333333 30.271416
120.18831526666666 120.18998613333333 30.268752666666664 30.270084333333333
120.18831526666666 120.18998613333333 30.267421 30.268752666666664
120.18831526666666 120.18998613333333 30.266089333333333 30.267421
120.18831526666666 120.18998613333333 30.264757666666664 30.266089333333333
120.18831526666666 120.18998613333333 30.263426 30.264757666666664
120.18831526666666 120.18998613333333 30.262094333333334 30.263426
120.18998613333333 120.19165699999999 30.302044333333335 30.303376
120.18998613333333 120.19165699999999 30.300712666666666 30.302044333333335
120.18998613333333 120.19165699999999 30.299381 30.300712666666666
120.18998613333333 120.19165699999999 30.298049333333335 30.299381
120.18998613333333 120.19165699999999 30.296717666666666 30.298049333333335
120.18998613333333 120.19165699999999 30.295386 30.296717666666666
120.18998613333333 120.19165699999999 30.29405433333333 30.295386
120.18998613333333 120.19165699999999 30.292722666666666 30.29405433333333
120.18998613333333 120.19165699999999 30.291391 30.292722666666666
120.18998613333333 120.19165699999999 30.290059333333332 30.291391
120.18998613333333 120.19165699999999 30.288727666666666 30.290059333333332
120.18998613333333 120.19165699999999 30.287396 30.288727666666666
120.18998613333333 120.19165699999999 30.286064333333332 30.287396
120.18998613333333 120.19165699999999 30.284732666666667 30.286064333333332
120.18998613333333 120.19165699999999 30.283400999999998 30.284732666666667
120.18998613333333 120.19165699999999 30.282069333333332 30.283400999999998
120.18998613333333 120.19165699999999 30.280737666666667 30.282069333333332
120.18998613333333 120.19165699999999 30.279405999999998 30.280737666666667
120.18998613333333 120.19165699999999 30.278074333333333 30.279405999999998
120.18998613333333 120.19165699999999 30.276742666666667 30.278074333333333
120.18998613333333 120.19165699999999 30.275411 30.276742666666667
120.18998613333333 120.19165699999999 30.274079333333333 30.275411
120.18998613333333 120.19165699999999 30.272747666666667 30.274079333333333
120.18998613333333 120.19165699999999 30.271416 30.272747666666667
120.18998613333333 120.19165699999999 30.270084333333333 30.271416
120.18998613333333 120.19165699999999 30.268752666666664 30.270084333333333
120.18998613333333 120.19165699999999 30.267421 30.268752666666664
120.18998613333333 120.19165699999999 30.266089333333333 30.267421
120.18998613333333 120.19165699999999 30.264757666666664 30.266089333333333
120.18998613333333 120.19165699999999 30.263426 30.264757666666664
120.18998613333333 120.19165699999999 30.262094333333334 30.263426
120.19165699999999 120.19332786666666 30.302044333333335 30.303376
120.19165699999999 120.19332786666666 30.300712666666666 30.302044333333335
120.19165699999999 120.19332786666666 30.299381 30.300712666666666
120.19165699999999 120.19332786666666 30.298049333333335 30.299381
120.19165699999999 120.19332786666666 30.296717666666666 30.298049333333335
120.19165699999999 120.19332786666666 30.295386 30.296717666666666
120.19165699999999 120.19332786666666 30.29405433333333 30.295386
120.19165699999999 120.19332786666666 30.292722666666666 30.29405433333333
120.19165699999999 120.19332786666666 30.291391 30.292722666666666
120.19165699999999 120.19332786666666 30.290059333333332 30.291391
120.19165699999999 120.19332786666666 30.288727666666666 30.290059333333332
120.19165699999999 120.19332786666666 30.287396 30.288727666666666
120.19165699999999 120.19332786666666 30.286064333333332 30.287396
120.19165699999999 120.19332786666666 30.284732666666667 30.286064333333332
120.19165699999999 120.19332786666666 30.283400999999998 30.284732666666667
120.19165699999999 120.19332786666666 30.282069333333332 30.283400999999998
120.19165699999999 120.19332786666666 30.280737666666667 30.282069333333332
120.19165699999999 120.19332786666666 30.279405999999998 30.280737666666667
120.19165699999999 120.19332786666666 30.278074333333333 30.279405999999998
120.19165699999999 120.19332786666666 30.276742666666667 30.278074333333333
120.19165699999999 120.19332786666666 30.275411 30.276742666666667
120.19165699999999 120.19332786666666 30.274079333333333 30.275411
120.19165699999999 120.19332786666666 30.272747666666667 30.274079333333333
120.19165699999999 120.19332786666666 30.271416 30.272747666666667
120.19165699999999 120.19332786666666 30.270084333333333 30.271416
120.19165699999999 120.19332786666666 30.268752666666664 30.270084333333333
120.19165699999999 120.19332786666666 30.267421 30.268752666666664
120.19165699999999 120.19332786666666 30.266089333333333 30.267421
120.19165699999999 120.19332786666666 30.264757666666664 30.266089333333333
120.19165699999999 120.19332786666666 30.263426 30.264757666666664
120.19165699999999 120.19332786666666 30.262094333333334 30.263426
120.19332786666666 120.19499873333334 30.302044333333335 30.303376
120.19332786666666 120.19499873333334 30.300712666666666 30.302044333333335
120.19332786666666 120.19499873333334 30.299381 30.300712666666666
120.19332786666666 120.19499873333334 30.298049333333335 30.299381
120.19332786666666 120.19499873333334 30.296717666666666 30.298049333333335
120.19332786666666 120.19499873333334 30.295386 30.296717666666666
120.19332786666666 120.19499873333334 30.29405433333333 30.295386
120.19332786666666 120.19499873333334 30.292722666666666 30.29405433333333
120.19332786666666 120.19499873333334 30.291391 30.292722666666666
120.19332786666666 120.19499873333334 30.290059333333332 30.291391
120.19332786666666 120.19499873333334 30.288727666666666 30.290059333333332
120.19332786666666 120.19499873333334 30.287396 30.288727666666666
120.19332786666666 120.19499873333334 30.286064333333332 30.287396
120.19332786666666 120.19499873333334 30.284732666666667 30.286064333333332
120.19332786666666 120.19499873333334 30.283400999999998 30.284732666666667
120.19332786666666 120.19499873333334 30.282069333333332 30.283400999999998
120.19332786666666 120.19499873333334 30.280737666666667 30.282069333333332
120.19332786666666 120.19499873333334 30.279405999999998 30.280737666666667
120.19332786666666 120.19499873333334 30.278074333333333 30.279405999999998
120.19332786666666 120.19499873333334 30.276742666666667 30.278074333333333
120.19332786666666 120.19499873333334 30.275411 30.276742666666667
120.19332786666666 120.19499873333334 30.274079333333333 30.275411
120.19332786666666 120.19499873333334 30.272747666666667 30.274079333333333
120.19332786666666 120.19499873333334 30.271416 30.272747666666667
120.19332786666666 120.19499873333334 30.270084333333333 30.271416
120.19332786666666 120.19499873333334 30.268752666666664 30.270084333333333
120.19332786666666 120.19499873333334 30.267421 30.268752666666664
120.19332786666666 120.19499873333334 30.266089333333333 30.267421
120.19332786666666 120.19499873333334 30.264757666666664 30.266089333333333
120.19332786666666 120.19499873333334 30.263426 30.264757666666664
120.19332786666666 120.19499873333334 30.262094333333334 30.263426
120.19499873333334 120.19666959999999 30.302044333333335 30.303376
120.19499873333334 120.19666959999999 30.300712666666666 30.302044333333335
120.19499873333334 120.19666959999999 30.299381 30.300712666666666
120.19499873333334 120.19666959999999 30.298049333333335 30.299381
120.19499873333334 120.19666959999999 30.296717666666666 30.298049333333335
120.19499873333334 120.19666959999999 30.295386 30.296717666666666
120.19499873333334 120.19666959999999 30.29405433333333 30.295386
120.19499873333334 120.19666959999999 30.292722666666666 30.29405433333333
120.19499873333334 120.19666959999999 30.291391 30.292722666666666
120.19499873333334 120.19666959999999 30.290059333333332 30.291391
120.19499873333334 120.19666959999999 30.288727666666666 30.290059333333332
120.19499873333334 120.19666959999999 30.287396 30.288727666666666
120.19499873333334 120.19666959999999 30.286064333333332 30.287396
120.19499873333334 120.19666959999999 30.284732666666667 30.286064333333332
120.19499873333334 120.19666959999999 30.283400999999998 30.284732666666667
120.19499873333334 120.19666959999999 30.282069333333332 30.283400999999998
120.19499873333334 120.19666959999999 30.280737666666667 30.282069333333332
120.19499873333334 120.19666959999999 30.279405999999998 30.280737666666667
120.19499873333334 120.19666959999999 30.278074333333333 30.279405999999998
120.19499873333334 120.19666959999999 30.276742666666667 30.278074333333333
120.19499873333334 120.19666959999999 30.275411 30.276742666666667
120.19499873333334 120.19666959999999 30.274079333333333 30.275411
120.19499873333334 120.19666959999999 30.272747666666667 30.274079333333333
120.19499873333334 120.19666959999999 30.271416 30.272747666666667
120.19499873333334 120.19666959999999 30.270084333333333 30.271416
120.19499873333334 120.19666959999999 30.268752666666664 30.270084333333333
120.19499873333334 120.19666959999999 30.267421 30.268752666666664
120.19499873333334 120.19666959999999 30.266089333333333 30.267421
120.19499873333334 120.19666959999999 30.264757666666664 30.266089333333333
120.19499873333334 120.19666959999999 30.263426 30.264757666666664
120.19499873333334 120.19666959999999 30.262094333333334 30.263426
120.19666959999999 120.19834046666666 30.302044333333335 30.303376
120.19666959999999 120.19834046666666 30.300712666666666 30.302044333333335
120.19666959999999 120.19834046666666 30.299381 30.300712666666666
120.19666959999999 120.19834046666666 30.298049333333335 30.299381
120.19666959999999 120.19834046666666 30.296717666666666 30.298049333333335
120.19666959999999 120.19834046666666 30.295386 30.296717666666666
120.19666959999999 120.19834046666666 30.29405433333333 30.295386
120.19666959999999 120.19834046666666 30.292722666666666 30.29405433333333
120.19666959999999 120.19834046666666 30.291391 30.292722666666666
120.19666959999999 120.19834046666666 30.290059333333332 30.291391
120.19666959999999 120.19834046666666 30.288727666666666 30.290059333333332
120.19666959999999 120.19834046666666 30.287396 30.288727666666666
120.19666959999999 120.19834046666666 30.286064333333332 30.287396
120.19666959999999 120.19834046666666 30.284732666666667 30.286064333333332
120.19666959999999 120.19834046666666 30.283400999999998 30.284732666666667
120.19666959999999 120.19834046666666 30.282069333333332 30.283400999999998
120.19666959999999 120.19834046666666 30.280737666666667 30.282069333333332
120.19666959999999 120.19834046666666 30.279405999999998 30.280737666666667
120.19666959999999 120.19834046666666 30.278074333333333 30.279405999999998
120.19666959999999 120.19834046666666 30.276742666666667 30.278074333333333
120.19666959999999 120.19834046666666 30.275411 30.276742666666667
120.19666959999999 120.19834046666666 30.274079333333333 30.275411
120.19666959999999 120.19834046666666 30.272747666666667 30.274079333333333
120.19666959999999 120.19834046666666 30.271416 30.272747666666667
120.19666959999999 120.19834046666666 30.270084333333333 30.271416
120.19666959999999 120.19834046666666 30.268752666666664 30.270084333333333
120.19666959999999 120.19834046666666 30.267421 30.268752666666664
120.19666959999999 120.19834046666666 30.266089333333333 30.267421
120.19666959999999 120.19834046666666 30.264757666666664 30.266089333333333
120.19666959999999 120.19834046666666 30.263426 30.264757666666664
120.19666959999999 120.19834046666666 30.262094333333334 30.263426
120.19834046666666 120.20001133333334 30.302044333333335 30.303376
120.19834046666666 120.20001133333334 30.300712666666666 30.302044333333335
120.19834046666666 120.20001133333334 30.299381 30.300712666666666
120.19834046666666 120.20001133333334 30.298049333333335 30.299381
120.19834046666666 120.20001133333334 30.296717666666666 30.298049333333335
120.19834046666666 120.20001133333334 30.295386 30.296717666666666
120.19834046666666 120.20001133333334 30.29405433333333 30.295386
120.19834046666666 120.20001133333334 30.292722666666666 30.29405433333333
120.19834046666666 120.20001133333334 30.291391 30.292722666666666
120.19834046666666 120.20001133333334 30.290059333333332 30.291391
120.19834046666666 120.20001133333334 30.288727666666666 30.290059333333332
120.19834046666666 120.20001133333334 30.287396 30.288727666666666
120.19834046666666 120.20001133333334 30.286064333333332 30.287396
120.19834046666666 120.20001133333334 30.284732666666667 30.286064333333332
120.19834046666666 120.20001133333334 30.283400999999998 30.284732666666667
120.19834046666666 120.20001133333334 30.282069333333332 30.283400999999998
120.19834046666666 120.20001133333334 30.280737666666667 30.282069333333332
120.19834046666666 120.20001133333334 30.279405999999998 30.280737666666667
120.19834046666666 120.20001133333334 30.278074333333333 30.279405999999998
120.19834046666666 120.20001133333334 30.276742666666667 30.278074333333333
120.19834046666666 120.20001133333334 30.275411 30.276742666666667
120.19834046666666 120.20001133333334 30.274079333333333 30.275411
120.19834046666666 120.20001133333334 30.272747666666667 30.274079333333333
120.19834046666666 120.20001133333334 30.271416 30.272747666666667
120.19834046666666 120.20001133333334 30.270084333333333 30.271416
120.19834046666666 120.20001133333334 30.268752666666664 30.270084333333333
120.19834046666666 120.20001133333334 30.267421 30.268752666666664
120.19834046666666 120.20001133333334 30.266089333333333 30.267421
120.19834046666666 120.20001133333334 30.264757666666664 30.266089333333333
120.19834046666666 120.20001133333334 30.263426 30.264757666666664
120.19834046666666 120.20001133333334 30.262094333333334 30.263426
120.20001133333334 120.2016822 30.302044333333335 30.303376
120.20001133333334 120.2016822 30.300712666666666 30.302044333333335
120.20001133333334 120.2016822 30.299381 30.300712666666666
120.20001133333334 120.2016822 30.298049333333335 30.299381
120.20001133333334 120.2016822 30.296717666666666 30.298049333333335
120.20001133333334 120.2016822 30.295386 30.296717666666666
120.20001133333334 120.2016822 30.29405433333333 30.295386
120.20001133333334 120.2016822 30.292722666666666 30.29405433333333
120.20001133333334 120.2016822 30.291391 30.292722666666666
120.20001133333334 120.2016822 30.290059333333332 30.291391
120.20001133333334 120.2016822 30.288727666666666 30.290059333333332
120.20001133333334 120.2016822 30.287396 30.288727666666666
120.20001133333334 120.2016822 30.286064333333332 30.287396
120.20001133333334 120.2016822 30.284732666666667 30.286064333333332
120.20001133333334 120.2016822 30.283400999999998 30.284732666666667
120.20001133333334 120.2016822 30.282069333333332 30.283400999999998
120.20001133333334 120.2016822 30.280737666666667 30.282069333333332
120.20001133333334 120.2016822 30.279405999999998 30.280737666666667
120.20001133333334 120.2016822 30.278074333333333 30.279405999999998
120.20001133333334 120.2016822 30.276742666666667 30.278074333333333
120.20001133333334 120.2016822 30.275411 30.276742666666667
120.20001133333334 120.2016822 30.274079333333333 30.275411
120.20001133333334 120.2016822 30.272747666666667 30.274079333333333
120.20001133333334 120.2016822 30.271416 30.272747666666667
120.20001133333334 120.2016822 30.270084333333333 30.271416
120.20001133333334 120.2016822 30.268752666666664 30.270084333333333
120.20001133333334 120.2016822 30.267421 30.268752666666664
120.20001133333334 120.2016822 30.266089333333333 30.267421
120.20001133333334 120.2016822 30.264757666666664 30.266089333333333
120.20001133333334 120.2016822 30.263426 30.264757666666664
120.20001133333334 120.2016822 30.262094333333334 30.263426
120.2016822 120.20335306666666 30.302044333333335 30.303376
120.2016822 120.20335306666666 30.300712666666666 30.302044333333335
120.2016822 120.20335306666666 30.299381 30.300712666666666
120.2016822 120.20335306666666 30.298049333333335 30.299381
120.2016822 120.20335306666666 30.296717666666666 30.298049333333335
120.2016822 120.20335306666666 30.295386 30.296717666666666
120.2016822 120.20335306666666 30.29405433333333 30.295386
120.2016822 120.20335306666666 30.292722666666666 30.29405433333333
120.2016822 120.20335306666666 30.291391 30.292722666666666
120.2016822 120.20335306666666 30.290059333333332 30.291391
120.2016822 120.20335306666666 30.288727666666666 30.290059333333332
120.2016822 120.20335306666666 30.287396 30.288727666666666
120.2016822 120.20335306666666 30.286064333333332 30.287396
120.2016822 120.20335306666666 30.284732666666667 30.286064333333332
120.2016822 120.20335306666666 30.283400999999998 30.284732666666667
120.2016822 120.20335306666666 30.282069333333332 30.283400999999998
120.2016822 120.20335306666666 30.280737666666667 30.282069333333332
120.2016822 120.20335306666666 30.279405999999998 30.280737666666667
120.2016822 120.20335306666666 30.278074333333333 30.279405999999998
120.2016822 120.20335306666666 30.276742666666667 30.278074333333333
120.2016822 120.20335306666666 30.275411 30.276742666666667
120.2016822 120.20335306666666 30.274079333333333 30.275411
120.2016822 120.20335306666666 30.272747666666667 30.274079333333333
120.2016822 120.20335306666666 30.271416 30.272747666666667
120.2016822 120.20335306666666 30.270084333333333 30.271416
120.2016822 120.20335306666666 30.268752666666664 30.270084333333333
120.2016822 120.20335306666666 30.267421 30.268752666666664
120.2016822 120.20335306666666 30.266089333333333 30.267421
120.2016822 120.20335306666666 30.264757666666664 30.266089333333333
120.2016822 120.20335306666666 30.263426 30.264757666666664
120.2016822 120.20335306666666 30.262094333333334 30.263426
120.20335306666666 120.20502393333334 30.302044333333335 30.303376
120.20335306666666 120.20502393333334 30.300712666666666 30.302044333333335
120.20335306666666 120.20502393333334 30.299381 30.300712666666666
120.20335306666666 120.20502393333334 30.298049333333335 30.299381
120.20335306666666 120.20502393333334 30.296717666666666 30.298049333333335
120.20335306666666 120.20502393333334 30.295386 30.296717666666666
120.20335306666666 120.20502393333334 30.29405433333333 30.295386
120.20335306666666 120.20502393333334 30.292722666666666 30.29405433333333
120.20335306666666 120.20502393333334 30.291391 30.292722666666666
120.20335306666666 120.20502393333334 30.290059333333332 30.291391
120.20335306666666 120.20502393333334 30.288727666666666 30.290059333333332
120.20335306666666 120.20502393333334 30.287396 30.288727666666666
120.20335306666666 120.20502393333334 30.286064333333332 30.287396
120.20335306666666 120.20502393333334 30.284732666666667 30.286064333333332
120.20335306666666 120.20502393333334 30.283400999999998 30.284732666666667
120.20335306666666 120.20502393333334 30.282069333333332 30.283400999999998
120.20335306666666 120.20502393333334 30.280737666666667 30.282069333333332
120.20335306666666 120.20502393333334 30.279405999999998 30.280737666666667
120.20335306666666 120.20502393333334 30.278074333333333 30.279405999999998
120.20335306666666 120.20502393333334 30.276742666666667 30.278074333333333
120.20335306666666 120.20502393333334 30.275411 30.276742666666667
120.20335306666666 120.20502393333334 30.274079333333333 30.275411
120.20335306666666 120.20502393333334 30.272747666666667 30.274079333333333
120.20335306666666 120.20502393333334 30.271416 30.272747666666667
120.20335306666666 120.20502393333334 30.270084333333333 30.271416
120.20335306666666 120.20502393333334 30.268752666666664 30.270084333333333
120.20335306666666 120.20502393333334 30.267421 30.268752666666664
120.20335306666666 120.20502393333334 30.266089333333333 30.267421
120.20335306666666 120.20502393333334 30.264757666666664 30.266089333333333
120.20335306666666 120.20502393333334 30.263426 30.264757666666664
120.20335306666666 120.20502393333334 30.262094333333334 30.263426
120.20502393333334 120.2066948 30.302044333333335 30.303376
120.20502393333334 120.2066948 30.300712666666666 30.302044333333335
120.20502393333334 120.2066948 30.299381 30.300712666666666
120.20502393333334 120.2066948 30.298049333333335 30.299381
120.20502393333334 120.2066948 30.296717666666666 30.298049333333335
120.20502393333334 120.2066948 30.295386 30.296717666666666
120.20502393333334 120.2066948 30.29405433333333 30.295386
120.20502393333334 120.2066948 30.292722666666666 30.29405433333333
120.20502393333334 120.2066948 30.291391 30.292722666666666
120.20502393333334 120.2066948 30.290059333333332 30.291391
120.20502393333334 120.2066948 30.288727666666666 30.290059333333332
120.20502393333334 120.2066948 30.287396 30.288727666666666
120.20502393333334 120.2066948 30.286064333333332 30.287396
120.20502393333334 120.2066948 30.284732666666667 30.286064333333332
120.20502393333334 120.2066948 30.283400999999998 30.284732666666667
120.20502393333334 120.2066948 30.282069333333332 30.283400999999998
120.20502393333334 120.2066948 30.280737666666667 30.282069333333332
120.20502393333334 120.2066948 30.279405999999998 30.280737666666667
120.20502393333334 120.2066948 30.278074333333333 30.279405999999998
120.20502393333334 120.2066948 30.276742666666667 30.278074333333333
120.20502393333334 120.2066948 30.275411 30.276742666666667
120.20502393333334 120.2066948 30.274079333333333 30.275411
120.20502393333334 120.2066948 30.272747666666667 30.274079333333333
120.20502393333334 120.2066948 30.271416 30.272747666666667
120.20502393333334 120.2066948 30.270084333333333 30.271416
120.20502393333334 120.2066948 30.268752666666664 30.270084333333333
120.20502393333334 120.2066948 30.267421 30.268752666666664
120.20502393333334 120.2066948 30.266089333333333 30.267421
120.20502393333334 120.2066948 30.264757666666664 30.266089333333333
120.20502393333334 120.2066948 30.263426 30.264757666666664
120.20502393333334 120.2066948 30.262094333333334 30.263426
120.2066948 120.20836566666667 30.302044333333335 30.303376
120.2066948 120.20836566666667 30.300712666666666 30.302044333333335
120.2066948 120.20836566666667 30.299381 30.300712666666666
120.2066948 120.20836566666667 30.298049333333335 30.299381
120.2066948 120.20836566666667 30.296717666666666 30.298049333333335
120.2066948 120.20836566666667 30.295386 30.296717666666666
120.2066948 120.20836566666667 30.29405433333333 30.295386
120.2066948 120.20836566666667 30.292722666666666 30.29405433333333
120.2066948 120.20836566666667 30.291391 30.292722666666666
120.2066948 120.20836566666667 30.290059333333332 30.291391
120.2066948 120.20836566666667 30.288727666666666 30.290059333333332
120.2066948 120.20836566666667 30.287396 30.288727666666666
120.2066948 120.20836566666667 30.286064333333332 30.287396
120.2066948 120.20836566666667 30.284732666666667 30.286064333333332
120.2066948 120.20836566666667 30.283400999999998 30.284732666666667
120.2066948 120.20836566666667 30.282069333333332 30.283400999999998
120.2066948 120.20836566666667 30.280737666666667 30.282069333333332
120.2066948 120.20836566666667 30.279405999999998 30.280737666666667
120.2066948 120.20836566666667 30.278074333333333 30.279405999999998
120.2066948 120.20836566666667 30.276742666666667 30.278074333333333
120.2066948 120.20836566666667 30.275411 30.276742666666667
120.2066948 120.20836566666667 30.274079333333333 30.275411
120.2066948 120.20836566666667 30.272747666666667 30.274079333333333
120.2066948 120.20836566666667 30.271416 30.272747666666667
120.2066948 120.20836566666667 30.270084333333333 30.271416
120.2066948 120.20836566666667 30.268752666666664 30.270084333333333
120.2066948 120.20836566666667 30.267421 30.268752666666664
120.2066948 120.20836566666667 30.266089333333333 30.267421
120.2066948 120.20836566666667 30.264757666666664 30.266089333333333
120.2066948 120.20836566666667 30.263426 30.264757666666664
120.2066948 120.20836566666667 30.262094333333334 30.263426
120.20836566666667 120.21003653333332 30.302044333333335 30.303376
120.20836566666667 120.21003653333332 30.300712666666666 30.302044333333335
120.20836566666667 120.21003653333332 30.299381 30.300712666666666
120.20836566666667 120.21003653333332 30.298049333333335 30.299381
120.20836566666667 120.21003653333332 30.296717666666666 30.298049333333335
120.20836566666667 120.21003653333332 30.295386 30.296717666666666
120.20836566666667 120.21003653333332 30.29405433333333 30.295386
120.20836566666667 120.21003653333332 30.292722666666666 30.29405433333333
120.20836566666667 120.21003653333332 30.291391 30.292722666666666
120.20836566666667 120.21003653333332 30.290059333333332 30.291391
120.20836566666667 120.21003653333332 30.288727666666666 30.290059333333332
120.20836566666667 120.21003653333332 30.287396 30.288727666666666
120.20836566666667 120.21003653333332 30.286064333333332 30.287396
120.20836566666667 120.21003653333332 30.284732666666667 30.286064333333332
120.20836566666667 120.21003653333332 30.283400999999998 30.284732666666667
120.20836566666667 120.21003653333332 30.282069333333332 30.283400999999998
120.20836566666667 120.21003653333332 30.280737666666667 30.282069333333332
120.20836566666667 120.21003653333332 30.279405999999998 30.280737666666667
120.20836566666667 120.21003653333332 30.278074333333333 30.279405999999998
120.20836566666667 120.21003653333332 30.276742666666667 30.278074333333333
120.20836566666667 120.21003653333332 30.275411 30.276742666666667
120.20836566666667 120.21003653333332 30.274079333333333 30.275411
120.20836566666667 120.21003653333332 30.272747666666667 30.274079333333333
120.20836566666667 120.21003653333332 30.271416 30.272747666666667
120.20836566666667 120.21003653333332 30.270084333333333 30.271416
120.20836566666667 120.21003653333332 30.268752666666664 30.270084333333333
120.20836566666667 120.21003653333332 30.267421 30.268752666666664
120.20836566666667 120.21003653333332 30.266089333333333 30.267421
120.20836566666667 120.21003653333332 30.264757666666664 30.266089333333333
120.20836566666667 120.21003653333332 30.263426 30.264757666666664
120.20836566666667 120.21003653333332 30.262094333333334 30.263426
120.21003653333332 120.2117074 30.302044333333335 30.303376
120.21003653333332 120.2117074 30.300712666666666 30.302044333333335
120.21003653333332 120.2117074 30.299381 30.300712666666666
120.21003653333332 120.2117074 30.298049333333335 30.299381
120.21003653333332 120.2117074 30.296717666666666 30.298049333333335
120.21003653333332 120.2117074 30.295386 30.296717666666666
120.21003653333332 120.2117074 30.29405433333333 30.295386
120.21003653333332 120.2117074 30.292722666666666 30.29405433333333
120.21003653333332 120.2117074 30.291391 30.292722666666666
120.21003653333332 120.2117074 30.290059333333332 30.291391
120.21003653333332 120.2117074 30.288727666666666 30.290059333333332
120.21003653333332 120.2117074 30.287396 30.288727666666666
120.21003653333332 120.2117074 30.286064333333332 30.287396
120.21003653333332 120.2117074 30.284732666666667 30.286064333333332
120.21003653333332 120.2117074 30.283400999999998 30.284732666666667
120.21003653333332 120.2117074 30.282069333333332 30.283400999999998
120.21003653333332 120.2117074 30.280737666666667 30.282069333333332
120.21003653333332 120.2117074 30.279405999999998 30.280737666666667
120.21003653333332 120.2117074 30.278074333333333 30.279405999999998
120.21003653333332 120.2117074 30.276742666666667 30.278074333333333
120.21003653333332 120.2117074 30.275411 30.276742666666667
120.21003653333332 120.2117074 30.274079333333333 30.275411
120.21003653333332 120.2117074 30.272747666666667 30.274079333333333
120.21003653333332 120.2117074 30.271416 30.272747666666667
120.21003653333332 120.2117074 30.270084333333333 30.271416
120.21003653333332 120.2117074 30.268752666666664 30.270084333333333
120.21003653333332 120.2117074 30.267421 30.268752666666664
120.21003653333332 120.2117074 30.266089333333333 30.267421
120.21003653333332 120.2117074 30.264757666666664 30.266089333333333
120.21003653333332 120.2117074 30.263426 30.264757666666664
120.21003653333332 120.2117074 30.262094333333334 30.263426
120.2117074 120.21337826666667 30.302044333333335 30.303376
120.2117074 120.21337826666667 30.300712666666666 30.302044333333335
120.2117074 120.21337826666667 30.299381 30.300712666666666
120.2117074 120.21337826666667 30.298049333333335 30.299381
120.2117074 120.21337826666667 30.296717666666666 30.298049333333335
120.2117074 120.21337826666667 30.295386 30.296717666666666
120.2117074 120.21337826666667 30.29405433333333 30.295386
120.2117074 120.21337826666667 30.292722666666666 30.29405433333333
120.2117074 120.21337826666667 30.291391 30.292722666666666
120.2117074 120.21337826666667 30.290059333333332 30.291391
120.2117074 120.21337826666667 30.288727666666666 30.290059333333332
120.2117074 120.21337826666667 30.287396 30.288727666666666
120.2117074 120.21337826666667 30.286064333333332 30.287396
120.2117074 120.21337826666667 30.284732666666667 30.286064333333332
120.2117074 120.21337826666667 30.283400999999998 30.284732666666667
120.2117074 120.21337826666667 30.282069333333332 30.283400999999998
120.2117074 120.21337826666667 30.280737666666667 30.282069333333332
120.2117074 120.21337826666667 30.279405999999998 30.280737666666667
120.2117074 120.21337826666667 30.278074333333333 30.279405999999998
120.2117074 120.21337826666667 30.276742666666667 30.278074333333333
120.2117074 120.21337826666667 30.275411 30.276742666666667
120.2117074 120.21337826666667 30.274079333333333 30.275411
120.2117074 120.21337826666667 30.272747666666667 30.274079333333333
120.2117074 120.21337826666667 30.271416 30.272747666666667
120.2117074 120.21337826666667 30.270084333333333 30.271416
120.2117074 120.21337826666667 30.268752666666664 30.270084333333333
120.2117074 120.21337826666667 30.267421 30.268752666666664
120.2117074 120.21337826666667 30.266089333333333 30.267421
120.2117074 120.21337826666667 30.264757666666664 30.266089333333333
120.2117074 120.21337826666667 30.263426 30.264757666666664
120.2117074 120.21337826666667 30.262094333333334 30.263426
120.21337826666667 120.21504913333332 30.302044333333335 30.303376
120.21337826666667 120.21504913333332 30.300712666666666 30.302044333333335
120.21337826666667 120.21504913333332 30.299381 30.300712666666666
120.21337826666667 120.21504913333332 30.298049333333335 30.299381
120.21337826666667 120.21504913333332 30.296717666666666 30.298049333333335
120.21337826666667 120.21504913333332 30.295386 30.296717666666666
120.21337826666667 120.21504913333332 30.29405433333333 30.295386
120.21337826666667 120.21504913333332 30.292722666666666 30.29405433333333
120.21337826666667 120.21504913333332 30.291391 30.292722666666666
120.21337826666667 120.21504913333332 30.290059333333332 30.291391
120.21337826666667 120.21504913333332 30.288727666666666 30.290059333333332
120.21337826666667 120.21504913333332 30.287396 30.288727666666666
120.21337826666667 120.21504913333332 30.286064333333332 30.287396
120.21337826666667 120.21504913333332 30.284732666666667 30.286064333333332
120.21337826666667 120.21504913333332 30.283400999999998 30.284732666666667
120.21337826666667 120.21504913333332 30.282069333333332 30.283400999999998
120.21337826666667 120.21504913333332 30.280737666666667 30.282069333333332
120.21337826666667 120.21504913333332 30.279405999999998 30.280737666666667
120.21337826666667 120.21504913333332 30.278074333333333 30.279405999999998
120.21337826666667 120.21504913333332 30.276742666666667 30.278074333333333
120.21337826666667 120.21504913333332 30.275411 30.276742666666667
120.21337826666667 120.21504913333332 30.274079333333333 30.275411
120.21337826666667 120.21504913333332 30.272747666666667 30.274079333333333
120.21337826666667 120.21504913333332 30.271416 30.272747666666667
120.21337826666667 120.21504913333332 30.270084333333333 30.271416
120.21337826666667 120.21504913333332 30.268752666666664 30.270084333333333
120.21337826666667 120.21504913333332 30.267421 30.268752666666664
120.21337826666667 120.21504913333332 30.266089333333333 30.267421
120.21337826666667 120.21504913333332 30.264757666666664 30.266089333333333
120.21337826666667 120.21504913333332 30.263426 30.264757666666664
120.21337826666667 120.21504913333332 30.262094333333334 30.263426
120.21504913333332 120.21672 30.302044333333335 30.303376
120.21504913333332 120.21672 30.300712666666666 30.302044333333335
120.21504913333332 120.21672 30.299381 30.300712666666666
120.21504913333332 120.21672 30.298049333333335 30.299381
120.21504913333332 120.21672 30.296717666666666 30.298049333333335
120.21504913333332 120.21672 30.295386 30.296717666666666
120.21504913333332 120.21672 30.29405433333333 30.295386
120.21504913333332 120.21672 30.292722666666666 30.29405433333333
120.21504913333332 120.21672 30.291391 30.292722666666666
120.21504913333332 120.21672 30.290059333333332 30.291391
120.21504913333332 120.21672 30.288727666666666 30.290059333333332
120.21504913333332 120.21672 30.287396 30.288727666666666
120.21504913333332 120.21672 30.286064333333332 30.287396
120.21504913333332 120.21672 30.284732666666667 30.286064333333332
120.21504913333332 120.21672 30.283400999999998 30.284732666666667
120.21504913333332 120.21672 30.282069333333332 30.283400999999998
120.21504913333332 120.21672 30.280737666666667 30.282069333333332
120.21504913333332 120.21672 30.279405999999998 30.280737666666667
120.21504913333332 120.21672 30.278074333333333 30.279405999999998
120.21504913333332 120.21672 30.276742666666667 30.278074333333333
120.21504913333332 120.21672 30.275411 30.276742666666667
120.21504913333332 120.21672 30.274079333333333 30.275411
120.21504913333332 120.21672 30.272747666666667 30.274079333333333
120.21504913333332 120.21672 30.271416 30.272747666666667
120.21504913333332 120.21672 30.270084333333333 30.271416
120.21504913333332 120.21672 30.268752666666664 30.270084333333333
120.21504913333332 120.21672 30.267421 30.268752666666664
120.21504913333332 120.21672 30.266089333333333 30.267421
120.21504913333332 120.21672 30.264757666666664 30.266089333333333
120.21504913333332 120.21672 30.263426 30.264757666666664
120.21504913333332 120.21672 30.262094333333334 30.263426
120.21672 120.21839086666667 30.302044333333335 30.303376
120.21672 120.21839086666667 30.300712666666666 30.302044333333335
120.21672 120.21839086666667 30.299381 30.300712666666666
120.21672 120.21839086666667 30.298049333333335 30.299381
120.21672 120.21839086666667 30.296717666666666 30.298049333333335
120.21672 120.21839086666667 30.295386 30.296717666666666
120.21672 120.21839086666667 30.29405433333333 30.295386
120.21672 120.21839086666667 30.292722666666666 30.29405433333333
120.21672 120.21839086666667 30.291391 30.292722666666666
120.21672 120.21839086666667 30.290059333333332 30.291391
120.21672 120.21839086666667 30.288727666666666 30.290059333333332
120.21672 120.21839086666667 30.287396 30.288727666666666
120.21672 120.21839086666667 30.286064333333332 30.287396
120.21672 120.21839086666667 30.284732666666667 30.286064333333332
120.21672 120.21839086666667 30.283400999999998 30.284732666666667
120.21672 120.21839086666667 30.282069333333332 30.283400999999998
120.21672 120.21839086666667 30.280737666666667 30.282069333333332
120.21672 120.21839086666667 30.279405999999998 30.280737666666667
120.21672 120.21839086666667 30.278074333333333 30.279405999999998
120.21672 120.21839086666667 30.276742666666667 30.278074333333333
120.21672 120.21839086666667 30.275411 30.276742666666667
120.21672 120.21839086666667 30.274079333333333 30.275411
120.21672 120.21839086666667 30.272747666666667 30.274079333333333
120.21672 120.21839086666667 30.271416 30.272747666666667
120.21672 120.21839086666667 30.270084333333333 30.271416
120.21672 120.21839086666667 30.268752666666664 30.270084333333333
120.21672 120.21839086666667 30.267421 30.268752666666664
120.21672 120.21839086666667 30.266089333333333 30.267421
120.21672 120.21839086666667 30.264757666666664 30.266089333333333
120.21672 120.21839086666667 30.263426 30.264757666666664
120.21672 120.21839086666667 30.262094333333334 30.263426