1.选取2012-08-20（周一）、2012-08-19（周日）的数据
2.以半小时为时间粒度划分
3.找到两个典型区块，要求是出现呼吸效应的可能性比较大。对每个典型区块进行子区块划分，2种划分方法：
	（1）“九宫格”划分方法
	（2）POI划分方法，居民区划为一子块，商圈划为一子块
4.对每个区块，每半个小时，进行总人数和总流量的统计（每个区块48个数据点）
5.把统计结果做出折线图，分析比较，找出呼吸效应



0820数据的分析
一天中上网记录总数：56335630（千万）
一天中总用户：335015（十万）
一天网络的总包数：157278584572054（亿）
一天总的网络流量：2428597546238（2.4PB）
总基站数：15480（一万）


选取的一块数据集为地铁1号线武林广场站南侧，左起延安路，右至中河北路，上至体育场路，下至百井坊巷，选取正方形区域
左上，右上，左下，右下分别
120.170139,30.275978	120.177155,30.275978
120.170139,30.272033	120.177155,30.30.272033
把区域分成4*6=24块


120.170139,30.275978	120.171217,30.275978	120.172591,30.275978		120.173768,30.275978
120.170139,30.27491		120.171217,30.27491		120.172591,30.27491			120.173768,30.27491
120.170139,30.274177	120.171217,30.274177	120.172591,30.274177		120.173768,30.274177
120.170139,30.27314		120.171217,30.27314		120.172591,30.27314			120.173768,30.27314
120.170139,30.272033	120.171217,30.272033	120.172591,30.272033		120.173768,30.272033

cell_1
120.170139 120.171217 30.27491 30.275978
120.171217 120.172591 30.27491 30.275978