8046879	13417512	3733213	6791153	30122904	3896005	8886114	33378556	14243658	35894315	7463782	4166487	45616715	49895428	182945051	11647670	7652843	34506259	11357596	7761871	27488256	25715055	20377534	48593222	12987326	7208586	15836918	722338938	34172510	20950560	14105699	40048481	10965331	17000920	7623668	9255336	
3515608	8057628	8950802	15980136	42431416	89392813	17657887	47602479	21666912	368254583	6655557	36941546	21545558	14963069	12309781	20753266	10789541	13776418	4830390	9872211	9595660	14318088	56424769	14351864	15273062	9320105	12821287	25938369	21587582	11755029	9446626	38378922	22032619	16962982	10166803	30378203	
4714337	5542407	18595863	10483937	79045763	40060856	39293763	32816527	226954132	26410308	36794177	693289616	30256423	71100825	41905052	87117068	175695161	88668805	132206617	47764862	40361973	103010682	234359545	109683202	61967067	26849069	399370135	311211360	292364091	1118896398	27656456	59925042	22312759	44203876	33963326	99482567	
7003370	41871842	84437158	8184425	30905743	18402773	6514411	29308625	22632577	15753370	20329684	19565304	22413509	15269054	13874502	22227025	10110085	8441572	8770119	51300262	15592045	18100101	17315284	11410755	11349807	26289889	385082333	55172470	16645351	41790816	931685964	17684703	36105240	4308552	32034143	17619248	
2496224	18299958	15975289	215811448	42344897	27301706	20810056	90958263	78058587	903935401	54583235	27776246	18853221	28550500	14781184	20269249	11477568	59285815	37087833	605007053	520734576	75934741	35111461	83578437	207159693	339148242	43407847	70108919	60637561	33207943	43543348	32335994	59478276	16418718	69660735	62240124	
11414905	2939742	2413932	8659027	7539558	42552677	200155871	10846579	6471964	4472793	4971086	8020210	151177225	7027104	6241021	7762031	10823139	11855290	6081172	12969628	6328791	10278627	21504398	4005166	17736614	9746967	59862371	7029226	262681212	4733999	11056549	5302299	2157555657	8850327	5694792	10682275	
672797	7369128	1298194	612447	7503833	4639253	2881167	5214607	12254649	3929439	4577973	6370826	10418720	8853840	5529570	6067802	2322185	2683979	6287823	12587938	14524363	9301637	8339893	8066987	12760034	655767442	85361194	29741423	43299715	9214952	375887389	16213915	14511274	5511104	8096593	6494040	
41303	120593	669257	16655	1473861	2618144	4337628	7230024	8246044	1316557	1100388	1300943	4524775	72475869	58095120	24588921	2881734	1414649	9224216	2532587	10109897	3564623	6516483	2145623	6656654	2504504	1339893	3791013	6259369	7991014	1703689	2040190	400651	511094	490948	92012	
1254863	3661048	79526791	117897231	44434705	107312760	71441706	175326923	115019473	915160840	1038557479	150288222	115208095	302755078	199460557	290382791	87204580	178151859	459071051	80153701	116153429	94988281	307714054	186932561	131021263	167808625	1194676515	419592199	300603532	88222477	130650179	109347362	97911488	46162372	10638054	22943991	
3864834	2985047	11373868	15987098	23994602	77677882	24801528	52802175	37365605	31039373	25174585	41491279	124505775	166958502	617984569	46003060	46119952	54153774	126484633	38640715	40116563	85613254	105808734	68346171	94070643	35291355	65622531	46920815	40824570	87933949	63484045	69542569	30946384	33034691	30956450	21116724	
3288748461	3484690908	2947356538	11314790	1446391634	74949501	5020139996	61952906	69708839	52642837	1389745424	83393724	147840808	130276624	171445156	134973965	843066783	376454992	49932766	89971896	329975489	92048784	113859521	410614173	87764034	197816646	40543661	59777768	133110301	80670977	169980345	138630416	1123040769	331683140	26898359	46707442	
443414421	14244234	10444394	563602088	32001936	30105204	307106670	35607995	337925077	30407224	37209845	37066711	61014626	362549776	40641873	38567150	339865648	46767854	68419644	81982082	77919775	79663695	77444268	71939248	45315443	158809705	44879667	29865246	63280002	62437033	243992691	1071101847	287829020	32656320	112473480	54791114	
4346622	28534436	7510884	40897887	63427588	64874161	77253783	92164740	113609830	76608895	80445728	118243429	120549406	130415105	112125383	40147648	232991029	32383753	545514188	135241701	114905936	72301078	50290045	99076675	59029740	98051001	32601286	40736546	51240067	33510687	77786372	25522776	41919197	23740329	54593771	24960977	
1228389	4200774	2943865	10076590	23566842	101898570	28270551	24148719	43388712	1306274427	88277745	46128157	68301691	46691309	36096545	50825852	58553373	52681900	44082054	19034113	58153938	139496462	128596698	56576835	895982243	15644035	17801073	12254842	12167253	8329691	10781467	9595755	1861206	6128578	8988409	2591562	
3454255	4849108	8575408	31940201	23391989	11561063	13755475	22354060	26051981	31159770	111213444	63233060	78559415	50027123	31354220	24782907	47383586	46092432	46758164	120319735	97026652	122703761	134765000	356595232	82570603	65437290	29541318	60944157	54430177	22784057	25601937	23398792	162047655	74130563	20570096	39702460	
16789395	5968500	41233635	6079591	12450201	5305693	4654158	4227641	17184270	7890175	26592716	6977838	8495472	4929098	6839802	7176961	9217660	274659150	3138208	10851493	5435782	2884700	5880443	14517435	17925784	15958508	52181009	66685801	5747642	4299257760	10410283	26286231	27683704	22486700	37273838	237859079	
1167908	4022164	6741453	13835357	21550564	22276303	12828934	11717490	18057132	22262440	9859827	36511917	15374793	8054513	6929573	7231002	14492263	10206082	9306537	12965817	15616108	8780697	30903300	5972856	6875025	24946657	9822000	6262348	12151223	6648575	2308698	3961773	6852410	6522013	84093782	14083197	
861559	1033729	4776891	2750126	6803207	10839117	18629580	14593056	30219711	2858804	3310934	105138305	1994172	48294498	23080865	49963540	25874536	6577608	99885987	21586825	6728779	25414376	159459926	24706071	5241864	5165845	7843312	10405284	2768599	2374621	6436944	2776815	19262080	42980593	1242115	2009892	
11008458	4675959	7525879	9188779	22829337	24250597	11698095	39464962	31892584	22141394	9876351	384868877	55834465	29926693	7067062	28398303	48110269	68328776	157304830	53661214	45832184	35293584	2949185834	12560767	41852533	121867351	12081817	17367599	303961433	31444517	20361362	7654281	57342224	24650146	21729823	14182830	
1068165	2506093	6082456	5374705	17164419	17121979	9615022	510997024	19040500	13390479	6896087	300863381	15419301	11334590	46658579	61993654	12468345	18660760	22597197	13187399	7678764	39731360	14386374	7285734	39321760	5590278	15518343	56912443	18023870	21378814	9154076	7495032	2697823	7487222	5405722	3998843	
7650738	7773279	6743481	11469326	27640487	33110014	27225650	25374068	54159224	545330116	15410920	45025069	240233745	327317065	540283287	586675044	402522537	267980814	268946042	36810195	47935945	24526344	29552494	42765000	38883896	65096303	240278577	31722072	41853619	31031951	21261287	23033433	26353967	23814458	14966713	34824375	
1733712	6072413	2676966	21339319	10092256	51200174	19549658	15320459	13917759	4785606	9725385	6934309	10504439	9408305	6863300	10394521	19731538	330141954	11184492	185561668	52047896	15848256	17574077	16118887	11699829	10343764	12550181	11446141	7580731	12426895	17149279	3901230	6768983	8565884	7996271	8561155	
2773686	1480429	3612241	17686762	25602262	29786202	75587685	33275419	30084239	22377445	35483858	41431420	64493921	99243626	182390165	37232577	54262906	209159064	46990443	165395704	98062452	86074964	68587962	41443977	51602191	34713981	4363857641	69915536	62064408	47643699	308458110	47038757	31155146	34816146	14408218	15640718	
2452833	5802040	8079675	22122803	67670568	21525103	40715807	19111380	66892834	34992401	17414322	21561179	32498556	331940173	48380746	17304672	26680632	29664941	24096270	24204928	28252535	13548909	26342487	43207167	35437403	20088080	18542071	30116729	42454770	109460256	57723817	19259379	110029755	10608433	7906850	3806219	
2150392	4659494	16286877	18419736	131393488	709261955	133877969	43885676	41208271	178292146	43332401	104685904	96734059	67130406	530865283	61280112	71050446	66110524	26092319	27578362	55584469	56438449	44954541	49389416	41726078	76459049	45715148	92256816	37922546	26408333	53358734	324231935	51079909	227306682	44209124	44481043	
380809	1415485	14005173	17764701	24480782	18308377	24351366	50420675	831324261	36103815	30914937	41472967	71812335	303670658	49027516	1709735432	38586997	36992270	39168062	75946612	58472922	95221701	43698376	29322694	98852875	173356142	34869234	55407790	40783102	27464692	50893338	136234526	9285585	1148401538	243006723	20733939	
3027645	15782914	22140608	27729318	43474346	94435383	99532127	96612865	112609526	99471892	152853554	60205306	210036434	104419383	224708398	140850847	132807568	187809424	106255578	277160467	87535827	108035112	78719150	118743610	121814909	149453790	48457832	165390669	120730087	32442697	33668366	23925403	22235404	59053939	22372746	11694654	
1817009	4321440	4529164	15225225	20055493	18716192	472473487	86753540	476541236	678625022	57931024	29870419	75118096	103283741	111216576	35670309	94807973	32682534	43736017	32033787	140353598	139020323	45105894	1966008529	82881471	167206565	94642775	288450113	628359931	10322941	9411948	67413071	43442852	13734607	43288803	19786677	
4323012	15268754	13910952	30425507	51159474	41233683	332277753	70055588	76396141	79468066	470161945	84037920	86045988	1489125826	280404308	155860723	509735056	147771068	94779633	173798182	105241355	91280002	71830213	108335629	716372379	122608557	42025606	24872244	311703545	588647042	274413571	12380011	151098305	28710954	31707281	43467860	
1758667	7564387	32491817	28036176	134492186	52268965	50434022	95694588	142824436	70573220	63431553	108540424	123701499	192047400	760434187	66113702	105958874	76491543	78929220	58888149	67808086	92633281	65559411	255695530	545266719	103369961	23692295	871822860	1445570541	19134948	11131707	745813903	801323542	17038992	14123567	158148170	
17153276	7019874	8885871	9870866	17793120	12371854	9437661	10686217	35854869	31994854	53585066	17950398	23031313	11765339	33836482	15195058	14059756	28600935	11814087	23321874	13050460	48491784	36928957	41299316	23989251	697233384	10593983	26946379	572293254	10118401	23653613	11941385	40136223	12335763	15260589	27564920	
17720	2054510	2199208	620339	3916631	932615	401253	2182659	324855	670211	392227	2424168	6802411	301182	156981	226755	1224869	421572	543018	5758306	1862227	1184616	601652	3663215	3859739	3293309	371271	150533	1343238	3789569	9561018	2427333	1688645	1231086	1790070	2594910	
3330704	2776109	50189506	8184610	95345393	276371087	1270185461	69382041	39053142	438191013	482969561	487053705	201522494	230771280	158182287	106536695	96910539	100214626	85614465	72275826	88694118	114225877	93962814	113783864	461638468	779893989	895898128	416599198	177771261	79035301	1223019839	301972147	112053208	128755579	155869051	139901721	
15474084	18057949	7983382	11626137	9488009	29194422	11083872	15699764	16182831	21368850	66301273	25336969	27420500	165435231	40520263	43349991	16812270	10369545	33327118	24678309	8905192	15244974	8379867	8827107	148491344	166024768	10034073	9248165	103884242	19964637	136020364	47502310	61367800	57857473	23603028	21669294	
2709089	6942162	10345180	17321248	57848193	39825664	333036806	30746016	40991710	29972829	151198118	149585924	32121292	42494361	53269395	53988075	43928474	93503233	51895801	100352973	153357827	814494688	4318409593	34729541	16698178	14382489	87536056	11019285	15321850	17310317	21137626	56851049	20677023	6993144	13352547	13931752	
5252612	23769214	72134971	27696682	97827709	43469994	34060747	41196644	54250938	65749762	92753537	817215230	82398215	60868909	34515343	60164055	501495108	24083220	52404898	32528563	38332997	112959375	110009882	63293271	105584831	35326315	61672015	17036544	109450892	1138371410	87138910	30454032	27903983	43794655	42998421	54496066	
1287795	76035281	35319715	23862087	25497818	32859858	102269695	46212617	1205297220	26401780	26138170	151233316	39757143	29657190	63918127	23840762	39585550	43400985	42990651	34121689	35785735	35010478	4419563440	33667942	28351370	21694416	684028809	699849206	46175542	23315431	8664730	10824201	29508423	10160477	21969376	13750483	
4963769	2030927234	6936733	156707468	38883546	21861954	28607844	145527812	58142891	50606260	140873079	295604067	40447035	75956486	41913733	79953562	125070922	121322028	432923590	88848420	101492850	333739954	8975137804	65561603	27896278	40384333	26353074	32807258	47581959	85600504	29543161	92105066	280034283	24625568	60625052	739304590	
420726	1284076	4464105	10913317	12040993	19112077	28876203	8419495	17413808	6691325	7244383	40222108	5565175	5298244	4423528	13984385	7013275	8129213	5632834	5529609	4797597	8833818	21043047	22329430	24395754	16354366	10322697	19535792	14221998	14805894	10541978	33507961	20112051	10784435	7534369	5536074	
15411728	27387284	31315583	40270298	45568573	52600031	30149070	61881391	129364313	49243246	27649936	1054764223	43460956	61329761	33609548	48103982	89733490	41003957	35604996	201982510	34759737	54392642	50355507	196324542	113601352	135515546	113789047	66857373	354384795	138657807	161651591	67988829	24285283	59708057	101949805	517744259	
3453399	6909162	8765985	29145171	40308281	104137328	61695176	46085948	227243868	1157481424	71719795	96502386	165840646	69631530	81854425	36734883	56369622	49259630	51297581	128364356	111704805	270091773	170728686	82934581	80856649	103713331	119145112	91521195	1794465201	130828548	308398463	925379067	36412576	18250589	37595262	190654720	
4969538	13577562	19248311	574311785	162118234	60035524	123625081	348501848	41384701	76916471	155189739	632521917	216061786	203422656	494328542	102194194	113570647	146455401	140012043	174200337	159830042	86485009	86733662	214647835	406652759	773953803	82998175	79223421	32585704	34595859	30955260	97278684	95292503	173854998	154574335	57514452	
30753502	66570632	30129065	26789873	188694202	916873230	49112382	44635629	68410073	51013262	31272656	66264818	177013945	732718631	168047553	195395723	70603639	31134489	91530554	185893195	380216956	412913056	173402458	33893415	66771568	47609128	205790872	149545035	651446394	162704893	1678797947	65317135	861110966	844318803	70745540	680531842	
116778478	69758623	13191059	168398085	32121601	47176529	65189657	27198157	37814534	32203760	173156286	131262720	235040712	59418684	60932582	87089326	44057748	106453692	82247001	55411940	52121634	232045736	130864904	56064947	67029136	102760762	76593977	65972508	29292118	24392638	47679830	42829255	13097677	181520051	56009317	8913162	
25272423	115624884	190759975	223866818	271712168	215393329	153863365	148004221	126616752	102737360	85648700	148858627	184024162	105154257	126502956	196702642	96235998	76901716	96623047	116243150	98183883	782127169	175867083	88870873	60530052	171408514	90547817	59168586	187932747	53604320	595069680	99298903	75438825	84321659	66907891	77313814	
1906537	3370242	7829965	8591496	59321654	7364978	14846493	14711228	31108161	6858740	3215252	4921685	18385219	9655607	8964723	133361406	11848242	287509733	170518700	7184297	3664672	2511764	13754550	13087475	13781811	53755974	18716492	18563240	22507115	20237830	18547901	40005541	55908111	18675135	26493172	71825164	
1155005	15557158	3364863	9216786	273460347	45368597	5716288	13799381	9687382	6303342	5694627	26832852	8724752	8680984	12482435	17003393	13041756	647478817	19149359	5636537	19427505	34888093	9728206	18139365	11723172	38419054	37828731	10167665	18768047	14175797	15281150	10694491	29423463	11141164	4793787	29651696	
1124663	5375731	25593994	25148716	17373785	13264930	6541660	6847362	17607088	7931974	8007928	15248507	12486666	8519132	20621514	30531219	19327779	27005895	70339362	41054593	14543045	28829389	23058553	16954761	139589122	88710621	19088767	53451183	9054318	7623601	8923753	6304547	4229943	5663543	8817713	4158012	
756414	32526485	977584	37544246	2118403	13155749	7535202	2126766	5012178	2259683	2441183	2020436	1633080	4628541	10510247	7699231	1505209	1792406	937268	972921	880408	1616482	40097106	2871114	33128102	3809656	3629914	19686601	4883889	6996561	47501959	4183274	14428440	5309621	21047280	15534126	
876910	2335818	2258262	1143763	3437744	2743854	2753645	5719016	4743339	3967310	5790201	1800308	1017440	1090235	2880661	495268456	3404860	1617538	2191028	1849763	4191364	18543089	2234206	5172930	760436	1530483	1662009	3605666	7206532	873999	6968270	3602310	236825439	4273168	5375506	2690257	
6232624	7206246	9893587	2158122510	12633657	24242633	13077054	32531920	11952626	105289209	144517152	31420821	4200287	20343321	5268693	5459352	31278249	34558898	204870346	4904878	7645262	5558967	75473788	16655495	239142441	7819836	9735660	19094241	30187857	22414843	11588169	30182851	6215004	5627015	16656035	31510639	
6400076	7586150	13928548	57111866	96582589	62145803	248276428	32567106	20048630	273097330	62005578	39153437	17007624	32584611	30577794	29504484	54757754	88969809	23251727	15438105	20893875	14619780	82631713	38900628	210052130	151298635	23307312	23130955	49342146	24718846	18634201	25596618	17178767	17909303	90108757	16833153	
3662276	421743	1423846	20107912	4896531	4905484	5974737	578363737	6011682	29444430	7212302	5539953	5160016	6547143	6965132	7421319	6709268	279574783	40490803	14376020	23841095	19849545	326560009	13085440	8072140	5979607	3341300	6680832	310150124	602233917	839098373	35456623	56193828	16785447	25382762	7145300	
2820212	8186292	14221326	22853520	15155986	57320619	44637795	27220199	27523393	20024826	9157740	371171654	16400417	24167888	70922289	53047737	25156247	19606574	22675526	85549994	15303457	255652752	29370663	37905258	11578644	31960608	21782055	94464336	2383754912	14834360	1476952037	63781380	10782939	11118407	1818275733	89646181	
1203895	4600442	16282898	12140900	34626958	123394394	32528091	27812663	49314499	45760187	62819465	32606846	42892666	21890088	43367952	83488015	38763113	93008891	40054533	37910047	32035613	57110838	54427042	70322781	45316551	290647618	389113682	73001276	14933018	41507328	9982178	62027253	19963055	153017179	44140008	18422709	
7644663	4642788	7024342	7331203	10787341	9367237	11913295	172262890	13876720	11019991	8571447	10179750	20684059	18863624	9836557	251623985	32065050	391827235	92786545	35026860	10555475	27028021	504357348	28389337	55995004	36793997	38911176	10318872	10477441	10870949	12209517	6508429	7483608	58887395	17400053	46399404	
20817175	19933461	31265752	2195211786	68665180	174488747	69167726	58009826	101246564	75158587	47138775	615609504	85848194	381555459	93061222	68316980	75117404	95972294	39611345	15102161067	21679724390	116220801	85309970	238930349	67951185	74682561	54522447	28399631	24626030	26140790	26138666	12904232	22460475	16958961	644800642	26515400	
3893247	17574121	21450832	197474068	43229821	102578399	101837978	88601994	29327869	50640321	27268753	82571068	99695473	43497823	20874941	68800295	30710393	28034168	23595895	31138109	40216822	26702732	241897644	28017141	27445928	51242180	65734437	109456772	290614061	988433511	59871558	1274685285	105885681	145500115	354045664	55654989	
21057724	25257549	24628558	1704430177	1154154973	628326581	635915634	490160295	554882006	523125851	400390953	271993468	203952183	292673244	249732050	403366571	419182850	1888912924	10059287926	586650941	373644818	152662050	464126837	741892615	136906805	319388554	152686475	494130941	198598830	734986564	173893457	122357840	142388158	313939738	116753909	203843318	
5195122	311054332	122055794	16505052	616140102	88525286	98885736	587996276	320519313	180092251	807246835	51777555	55596388	55132736	93533625	71333081	66137231	66059504	132388624	141288912	62996558	81952279	204698046	55194140	32098833	42690883	25118821	42310800	19093426	111559761	15699296	58625163	15216785	11201165	324406396	610810874	
1263152	6987785	2213922	1932975	1045412	1071941	2419336	1067606	5464517	744276	6454080	1928049	608621	1533953	1697484	1764248	6020889	12962051	17140943	3915074	5341034	878887	5556077	1383585	43477489	6042127	7160088	5361288	5245514	6298480	4535527	9656217	3979075	8086266	19175576	16626268	
351399	3354883	1265009	969014	1321309	1143485	6878371	5792111	5297988	1138131	1616589	1604190	1790269	11086933	3722163	1148962	2652379	995470	641023533	9211924	2045264	1939356	17162936	2478108	738529	1367336	1001736	755293	5907194	1084463	4314586	8862472	7865996	6402323	7456205	2427661	
510833	2639279	8496269	16150273	33567560	24581153	24298170	20170858	52392999	87081256	16619084	23654066	31688248	34527824	78905368	78460773	31347157	80569130	215562526	171388035	125738978	37307936	152781131	2183767311	2170089970	4344200969	20280793	15816724	120776463	58017339	12341699	13483205	4647891	4574557	4036750	4291299	
773260	1197276	2701234	7392241	15533343	11354610	6401859	59191753	10520345	10549279	3286515	7309280	2524718	4954187	4116226	4556848	2827357	4202006	25682680	6717308	16506833	5850969	6195685	10525513	8187830	8300583	2623452	13409936	2483350	2905810	3117562	3683767	552337	1536609	398751	994610	
573309	900414	703426	421577342	69952868	20014543	2616319	1279882	3295782	1272477	3943704	1802648	801736	770726	3263357	8414218	2506298	11689111	2988351	3959572	4581327	2079337	11618548	9505665	561310	1136893	26348554	18981928	14973913	12922760	19139513	8958114	2178783	3750236	2476492	1694532	
9538357	10314470	18953138	26870860	26510059	18098177	22962029	63952857	24996326	19473498	30384244	17298877	88733562	33930415	17023056	27272199	69860355	26985707	40392977	161109184	323650015	58176738	22502115	33302773	44520150	33280266	144754405	120323150	80078339	28662961	17195133	23026581	13215354	29085697	23513126	808382518	
4451975	2248628	3095633	4562455	11087053	82550542	21372418	61034391	139715434	114159128	11397024	27646082	17221894	12304694	6761088	94002648	20479851	18291007	40681884	25672633	33730563	70285684	14115644	45805388	71753198	115827720	9031332	13695967	15710159	8243134	3572890	3508076	33054597	8427773	4064862	2777966	
3411969	5165046	7425726	17726228	30576695	122668908	10881209	81749651	8131987	15195044	125349382	17897568	22156426	23323408	19000299	41007369	8556068	32403535	126635250	32570016	10971764	31169629	34246203	16465561	69668798	14206849	9853680	17065116	12898954	11661804	11487388	14920400	24916261	16542269	15163839	28079257	
5793225	950180	478596	3818515	2007642	3578642	10381983	5987117	6264887	10477978	7981007	27242918	17183865	51947090	2773662	14349426	14350723	7710639	3730107	8893878	2024687	3708996	16039850	1596564	43022135	12865930	4328926	4178475	1018125	38135664	323588	1920533	565492	667402	403764	5389495	
1109843	1706274	1099601	23002470	5737900	8849653	7483770	12218130	5701358973	7966571	1710204351	7818878	932142402	53547669	9486940	12379517	20334965	13204982	3804180	49989018	29716648	39259634	75953800	22162522	10249380	6131598	14779000	16496316	17387882	11678454	9876263	8244487	13863885	11064900	22063149	15162958	
5835850	3456689	525400265	15164291	15374966	26220027	42101727	8737952	15652716	5531717	12641984	14056926	8269754	529767468	42370565	23695612	11711159	8824097	4879904	23252073	33144043	84345377	192610299	17560905	18358563	11223081	12663454	47610663	12714975	25890670	73329838	63385339	18557839	18131500	113419041	76667585	
15111822	20283832	22111584	81010059	44731444	146876464	57263915	178073345	101213694	72141676	264126092	64461255	1212154521	519845208	969312196	118332130	167024224	71720583	111148946	142683649	73464606	139031949	132437167	104105986	40550842	549919427	90519669	52443550	107512040	159170330	100287867	16990841	64407234	136177238	1727017311	483242100	
3228626	6074536	11313240	19722215	18842885	18587703	146908747	36065806	19000565	11662268	14178027	39039305	20154554	14025975	22118435	22123766	30068982	31830024	27919241	65429804	36151842	38041677	38555606	28042568	41468141	174921370	28886859	50384466	38739974	21125470	48310774	30519262	263636793	18766709	28179470	40465873	
58564611	261214888	80438798	39094192	59510344	91163015	79202844	118758317	259449173	504692410	62137371	279004666	164236517	354429499	176556947	249146203	364666441	291713733	70130395	45043086	168017090	124941779	1446926947	636505159	2313664052	134539116	115858981	113102235	321933878	369659900	55720930	35927511	401801045	41221230	43006380	87713134	

2497476	10912968	6468434	11119334	20140871	7807637	19077577	18716444	18561454	37827563	16692427	8278132	8646053	12600025	7449134	3912163	14290589	11809037	49119539	15866061	8661348	8861870	7253245	60002195	7224957	15301670	23168489	27948398	10623659	10303515	16189260	15755380	8305857	8314715	6311227	10122948	
233631	922824	356718	3001688	4373068	1457773	12871464	63349636	2048638	556872	2738087	3818252	3386064	3451401	9868424	943007	9241158	1173131	3428296	8173764	11064600	1138172	1145719	3434331	1148384	196573	2950072	556570	1450677	1225004	2819550	1769478	1471440	4474028	2055255	2467276	
2218030	4401514	2170063	2436256	6221012	5005381	6903189	7167816	16475733	5589187	3205069	5527727	10826952	11604671	3328560	4229566	9774946	4834569	32378354	4096742	375294450	352238508	4317262	6649955	8737939	5815399	33671457	12257612	4209766	9359718	4152416	1528536057	1314094663	6072987	72543029	275656825	
0	0	0	0	0	0	0	0	0	0	0	0	0	0	0	0	0	0	0	0	0	0	0	0	0	0	0	0	0	0	0	0	0	0	0	0	
684854	415922197	841481131	1161353811	7203607	7115300	10926317	10493297	84052981	10023555	8317433	12392927	52192723	12465549	7692483	12491119	9048327	11957281	15808685	5666994	39457169	10002814	20816907	6945468	143383458	17889192	4373501	10410947	12627143	4091282	2598638	3598810	40171090	3031222	1345676	16140118	
621804	3480928	10539767	11223137	12309211	23508408	7990899	134930509	63741171	143018717	5956791	6912503	75185386	5821220	11852696	6232167	20196678	11578074	58514564	21335398	40104293	47491667	16008049	7031309	11987776	13981955	12057596	20904532	27770120	5139456	34506000	2976819	3391600	12860250	22596827	8619163	
5719482	7755823	7730565	11460578	46010077	112608801	51983267	2265952	8463894	11936673	4301322	8044629	4141321	10462686	39674065	31470720	32479573	8533653	11440804	15079213	89001196	10311047	21158597	13394707	15099210	42337347	5590483	9734420	20426572	9548217	22991789	14150767	7457651	240103095	84637163	1089427891	
42401343	43800919	44264089	47442227	50852391	6273319	5056994	3202362	8922629	3919802	2138075	4728816	3930097	9711221	9555806	45360962	2030883	9349696	16399558	1536965	8290550	6713151	4927897	5540478	3365196	3783712	3667595	3186866	4764754	3744470	3045578	969157	19210095	10702671	3197758	6238210	
3150754	6630010	31143292	38370027	54923542	490282829	135357992	67429417	226814316	224310162	64565625	41945694	48008347	44051955	125617673	79957312	30922666	36838333	44857705	136310229	60281173	82907504	52546955	41095181	33216264	38376383	21884012	35445581	41649703	38347942	31008177	53197779	103724159	196435745	65754329	89830801	
6396058	12340060	74064663	42165945	126589872	43553861	100203310	31768953	23330739	286309652	407133021	39225129	131416786	254467868	20916647	33898046	21693289	33021337	25664844	39212966	35429270	123626890	151053272	83015046	501693292	56296111	32762570	44541317	30791515	122815999	68914103	58309213	30958597	191516990	23666201	53533830	
32769166	36522323	54832103	23526464	40204595	23414364	62869963	75625668	39945195	27734643	156239345	122152386	48555671	38856551	37823837	22707315	16525232	52409876	20312792	36955984	29799966	71682842	39189062	22411605	7045160833	30242236	62622232	151482484	34635452	26543603	21471167	67970986	37342213	17206130	37173389	35338108	
3955414	61151287	28987865	73567297	86931996	116297239	112527133	68501717	6653450310	12087878250	299628273	89877816	132731115	73615000	113252693	99755797	91613090	167373585	65105891	151608678	54744590	91300624	102067433	109667583	518672061	509546107	2101579147	110531304	133928850	157596641	323972314	112988657	1211555607	2430651796	54854561	52655638	
3077798	7326661	45736667	260510074	17681646	50248062	183218567	33977473	168569933	165134638	117735730	47107690	177847985	61700463	18555342	62203654	54936744	123385834	62227890	1038301959	46378569	31527628	57714904	40876729	65266211	82434403	120166076	24696628	597954040	36697561	52842053	146412672	32020767	46571769	126076346	50494798	
2586793	5092899	46040400	246468630	32381075	72572294	1106132987	426821980	69321011	98567569	449662498	596850198	261935357	236874741	149622075	98008539	348127620	20588475	23411246	55943770	273012610	604738005	46307903	64706687	104929328	81810775	699623233	73851393	231925097	297399540	151395317	80818639	22573655	226749746	127909948	76059086	
12253628	7287751	38363566	23546703	33315659	43417373	83588241	115347449	59600164	53505327	60932976	40200967	58480504	75118997	97457447	74014920	31368340	35574408	56247346	111211205	63371760	49028258	100602678	37562064	88890580	53778353	72483295	15130339	18257863	12499992	11669246	20671140	80548578	14159546	7773058	6279232	
0	0	0	0	0	0	0	0	0	0	0	0	0	0	0	0	0	0	0	0	0	0	0	0	0	0	0	0	0	0	0	0	0	0	0	0	
31703	473658	83784	824647	1252884	59594	541152	7973386	370655	333990	1150104	317720	3368726	2556501	1242936934	1263387	3665130	2720419	539933	1307730	1467987	381336	2425220	101956	187418	306597	288198	478440	75435129	133896	8682110	1403869	193677	906019	126318	776244	
0	0	0	0	0	0	0	0	0	0	0	0	0	0	0	0	0	0	0	0	0	0	0	0	0	0	0	0	0	0	0	0	0	0	0	0	
258790	873084	1301368	1959465	22964696	319692702	14443747	41989479	2313240	7732449	3590876	8700817	1488794	1097536	3774431	6431864	727775	1233384	1026064	241338515	3142722	874329	8728387	279787	1102939	560161	675611	2045828	2447137	4253532	2793470	2663840	735410	2680260	19794452	3162817	
2794590	388375333	5168354	814610	2537971	1077979	8446934	1761924	1979179	871386515	474490	2506486	3040013	680088	2378879	4059642	495756	2481450	894260	904987	3357868	4293812	191892189	749579	1004100	436469	3611690	562662	445975	8205395	517625	736120	348599	1710478	4208035	5277977	
7179859	12061192	10266995	6907558	28618789	105183207	7144618	5575693	60748924	11096164	1217661	1613195	8506262	2550059	3425137	3156249	4122171	2233336	12317972	22759737	96065015	7225109	2467706	4914253	301613311	4959596	6787844	7407081	7386390	2080420	7431527	5662888	22418947	11660592	46294680	3812496	
2303474	7453556	23986516	2217697678	9210398	24085449	9398426	7534872	11074277	6253509	6852599	24023012	17142920	8633950	14682724	27585760	36609356	86064307	255807194	22836362	19685643	8437974	7038771	28115016	226896273	11340539	30761724	92460427	53996510	12650696	9920445	11663575	11438173	15495085	13269002	22020965	
3687710	11454005	19276986	22241217	24473861	22087442	22293238	23237068	38142624	53765010	10724001	20889251	114721695	14575740	9828928	8990400	25486036	175041240	23294189	22343362	13410158	12276423	70986365	80510219	265792343	33659050	14286216	91713933	20526340	13745843	18371033	35451637	46145882	14739693	115930556	9101581	
2487976	4037633	5846783	54183922	16919430	8910596	7573841	24327269	23199437	14234770	15925361	43711236	37877733	7765287	4157792	18552757	5788914	12984735	8368911	1966436	15676665	5757258	17366437	1892872227	112845718	362226378	33831716	14849754	15250391	28664522	19357609	15321074	16657143	8157366	7893186	10996597	
10298671	38046036	12705432	69516807	25428530	131094947	18089084	58958039	15680527	13687695	24475568	12610571	18091215	9845634	17465034	9973385	20648715	32979967	494725884	18437379	19531593	11435863	20889340	18436345	14715879	20911965	24097643	20526913	24902939	64979691	12309121	43048368	26991952	9451688	18134212	49029687	
5579889	8254583	7548030	12717588	39282412	21164541	198190829	4296464	5922960	3658707	13882244	9315332	5806820	5983418	15756490	5433330	2714476	4374351	5029318	2109183	3508094	5986442	17356534	16868650	18279689	54052926	12497695	30488288	18871439	92891422	76411598	25033981	82173167	22846271	30822354	9895824	
48561653	31537145	15135909	20814674	22296564	39664076	15373656	11211517	21567332	42264991	16022453	23488921	20769679	31301882	29448997	24846653	25340666	17163717	19707163	19860876	21217407	64986492	19764140	350823836	246150755	48066839	152769180	293239359	112064117	222673599	30871636	45485429	26479045	45122409	72151562	130380317	
16837167	4571417	18670618	17054524	23771031	45067045	30175460	58711779	52656667	22493141	21745183	215130210	29151570	33501261	29466822	437990752	23613822	24597932	23632405	87367006	30393430	196839357	182009411	39155032	43674590	52438236	40632661	29450171	217919411	184973179	124623246	179510725	29657386	17306178	163049060	331903889	
3834244	8006602	45366229	20934789	105009854	344687685	54553378	56366546	158139949	66918049	29081653	58500659	105390228	27271490	46550026	78526065	73009451	35483310	33266531	48329117	182484923	106931180	116251366	270798493	71746667	36175597	24608203	25410013	1196150890	76723196	2503611498	23772825	34853501	11111371	204824594	56691989	
4505089	12440009	15966726	40700263	22756634	69538561	76446168	613436695	195811900	39503514	21342220	39006550	45905956	97203822	24077047	12363646	271278291	21575518	13397023	28357545	27629352	78510862	1149087531	46911766	74607641	88174540	25488300	35257761	22350011	44533366	46192831	22733052	36028763	269352577	153358434	10996569	
12504968	5380334	14846694	4431965	4035490	3841180	3707529	2661583	7440421	7277362	7821663	5657401	4212320	6247806	7823442	2204808	1506620	4905627	6176962	2521137	2022241	3962593	2249076	19666195	9793980	12791086	4062742	5305460	7396256	13221564	17349038	22508869	7695981	6905242	4810855	11022420	
131684	751281	956820	770961	868432	240630	886597	596415	2368414	3609879	2391301	503755	2148807	2574351	2536010	53880688	53043683	2286308	1243899	116683914	3180237	2172115	6336771	6705243	2229558	1958805	5319707	4548841	3608816	2692510	3064702	5869075	4821252	1841283	1645893	1758288	
525231	220035	596521	1998429	611237	396816	1433098	558620	692339	1495172	1429372	4434894	1889816	260460	122488	1025108	380995	1031186	495283	195580	844074	483893	905917	556036	1721078	388508	807379	1092299	646902	1771953	2034456	3467046	2712082	34655055	2823935	3643783	
13018528	5668655	2181915	1443675	7333679	2306809	240688550	1136912	787148	717144	1533177	1740754	1846382	336798	360768	1182733	2338222	6458617	1333054	9219826	687386	2181739	1980183	1005285	2069008	5732820	3141370	10046507	33959583	7558893	4910671	4379695	2012619	6702854	114658125	2662514	
2496083	21115297	5747750	10406522	17964177	6716216	8989479	5540989	7442934	3167038	4454693	70469165	4534458	6556867	23730152	7344275	16124354	29483676	12127293	7718265	40891605	8592466	29949194	8756556	5878623	15788185	9951901	7011563	6672213	16638595	6985071	15252718	27914911	658968676	687852006	12874968	
2058119	200920	3400891	1116343	875571	259407	2386943	2103161	1200520	190009	474636	6081917	1555565	1275971	1442107	93961	277306	176921	832558	917822	236573	1991035	801679	321348	1302684	3401959	88518	196687	911950	2305639	280470	458751	5212062	1119011	618785892	64517425	
249368	1140821	795680	136316	1666686	96653	1727734	4002429	1666432	987245	493943	462529	1399666	303006	558153	263849	806490	445980	548460	679816	548954	571505	1298214	1549929	462549	5081158	365478	217361	431916	26527023	4167444	5184335	1541324	7730993	6505473	7716511	
810909	3453161	11536450	13518022	1269887466	24129481	21902452	6764958	36669846	9594008	739736276	8466362	4253680	2467848	3116787	5421741	5203451	9419442	45032271	3156242	25229679	7256850	17351818	17635568	152101693	12018430	8953802	5594616	8689864	6669652	6420771	3471334	8712032	3179258	4596592	2225322	
56615	682265	8814702	20240096	41883188	328186931	325730946	13856048	3443142	6139600	3002580	7733871	8177438	8663130	5648514	4717979	2997320	2247950	5722300	2746470	10175530	5696717	59248205	72638762	36617639	50976036	29918901	23706941	9978757	12471521	17056982	41036680	85175463	63482235	19155746	7691798	
13705056	23343599	34379282	16386244	22424838	31396953	36266365	23125803	30626807	29149102	85206865	48171576	18158221	18333273	52093409	42397016	15353827	9382638	27084512	13358060	6981866	33814145	13895863	35216809	76778591	52967694	66459537	75282722	15455252	19958932	18201458	23842323	85114564	10507976	28025453	14452989	
8056797	64842897	14910990	62662652	58318454	65518704	30767095	9179391	16673091	21071557	15483906	42481107	44690658	20424696	5126715	12395167	9791137	18177576	10250932	12124093	8488950	9642630	6240098	50729305	16718222	7643172	54900052	25532999	19157379	21989468	19422211	11075443	15993539	2170023517	17960542	16959387	
5673927	3733606	10481715	16979199	28576466	29222645	37913802	325704648	413418085	61214780	24169740	70967888	28439486	28399741	19275161	276197508	36246724	35826591	127950826	21532352	22056789	53082743	251977271	29213355	24452665	24142130	228008799	33299704	20796381	18803496	11495555	36459569	35219740	14522441	7568395	14061194	
2496556	3181674	5938019	16491768	17291958	14259713	10907111	15145783	84495422	101720513	88062256	18447373	30622694	24168127	189622163	1865248466	5617915	8824418	21577824	24373724	58759138	7152965	20586269	79872716	20737266	17357309	6832441	35716849	26931303	11471843	35761038	44799739	30108428	24435431	10173866	22983512	
2701131	9378665	25742723	13043073	50450480	832688352	30676109	19585745	39959563	78449643	30242929	253179998	139097621	44395486	49634418	46548007	86976638	60248700	36521064	258490673	43867379	56506116	60548858	62893590	55649598	59468846	64688133	24269111	71231247	26990155	50060600	23782908	20648124	124944888	55280177	20550272	
1905118	3630420	93936843	7912387	7928219	10242879	7914835	11478586	23534249	7228874	15032160	7001941	6185995	9097963	10937868	5095658	12697581	5215106	30304223	12496823	9891871	34147583	31487444	46747856	82881762	50482615	32927246	21127842	18162704	19481200	18304676	8710080	63304441	16456179	35705030	13313630	
338052	481624	899291	1919350	31870137	1483319	1998622	3750331	3793073	823495	4067856	1274796	806383	5043725	2178924	3622366	958240	593719	1413240	1514956	840003	1997797	969626	1329608	906734	1344170	74646371	5279990	1538988	3861965	1140148	764659	1845055	1366545	1337451	5921868	
824966	2495702	4293627	7880767	6513873	4621626	3179264	4484254	172897543	5253665	8757491	5962128	4707831	11666804	272896900	8931088	58957407	6503575	34429083	6682918	12168018	7771436	10977596	20913351	15141851	16429994	12525424	12102396	12538692	26711827	13660127	19281916	31081312	103719187	19114175	4881779	
2051518	3012257	7835547	9118481	19681217	7813611	2653548	8152235	5662729	17776266	25544668	4389742	12556474	6138860	102330179	4152535	13698695	55123625	57803105	285281969	3834399	4180614	26749040	24312228	22054154	44191877	30300593	21264472	31318619	31534417	72960028	20093039	46539077	46198457	17828967	36788834	
7652121	16325215	12829177	26052624	45329951	4553117	340128600	18871464	976380052	5717800	8139037	7476816	11346427	97024178	13353402	8733682	82225105	12723584	5749588	49781505	3484584	6317526	59965013	5434063	7404918	70958318	14097901	3864914	71117579	3615204	9817282	52619480	50538127	26752837	54093160	50353836	
757740	2525943	3071809	3320686	5729266	3153131	2196613	4006542	16924837	3376139	2660902	6114922	11720887	4588044	1352894	1584758	2648879	7272739	7899666	15924635	56886925	2388955	7903684	10494080	4944198	11466658	2574360	2837162	87280574	583204518	3513794	4272674	33744293	3476613	12156377	17174162	
64805	84188	311449	913639	2854985	2367945	437896	106409	221243	26862	196953	849012	582075	1111	44578	272822	47606	60818	121933	107909	83703	173490	925290	465023	5411820	564170	445862	2139974	1629641	1692012	646180	7526279	14298173	104821	2425154	976120	
2690718	303161400	5564365	5718655	8815229	6378784	6090612	1781511	18969770	2180432	4176791	3009678	20857912	2229327	2953044	2667408	2957419	2203926	2899936	6164101	2466369	4631906	6291190	5434573	9315999	16927891	3511627	3859266	5273775	4906798	9014672	11294244	6157902	10202800	48124633	63127111	
43360179	7007493	3892592	19528236	9742634	8256281	4821592	2272256	148698758	176609371	4370379	12970915	5148084	6956145	15653254	6643616	12604564	15032554	21319058	11302418	12523935	7736816	9234393	4028719	11997232	12326776	18877480	15894164	6960732	21201177	10410879	16948445	18090183	17262480	11107253	15280511	
7942	624796	9529962	4164614	10144583	6795127	8993733	6008426	9884183	19410494	14206077	35943795	10427614	62431214	14284462	6035952	9892285	20512163	10914285	9765528	17212889	18150444	21415708	153965231	148891804	22049476	10115176	9820937	5991426	5668507	2290220	13324482	4968136	1154610	2161327	1403721	
83852	51456	80993	258400	1288286	599337	1031062	221426	1820935	863025	1737339	419792	878465	135428	892586	1166108	622238	2354795	550344	758879	612209	469548	1893757	828094	541427	2880535	804187	646710	404859	464913	100032	4015522	1856659	1170181	370747	750099	
1180035	17065884	5714104	10867286	8343870	8437130	9851615	4388580	9422941	6605301	6501898	11562291	8361627	6283608	18626082	4421690	10167390	6010209	4514365	6772128	10989327	5057930	6134030	94314428	7776646	13301743	21690486	6532151	9527143	8064366	8229937	131601247	10629684	18676756	22892573	19564003	
6415245	19246217	55439193	16898877	54219589	15415320	16471962	9396998	7955697	11692316	19015430	8463449	10881173	49729084	7291560	12060279	8297829	6338997	12284267	208959576	43380095	60048510	630408543	124890036	128729456	13548792	8191457	13605548	103917835	282303417	187196106	51827272	40542507	20949742	9423519	7394024	
4671643	8023596	8175928	9774797	52765447	6248900	16224226	7729500	5671399	9472458	272873883	3992498	6383929	9235491	67202697	21791766	5225622	10015921	6157648	4517448	8289467	55032505	14925075	28782795	7370663	9059131	5638406	4864697	3497192	4864503	9383672	7282297	14053699	28574856	15136159	17992598	
5056531	12255009	27394624	8997330	47913834	11115529	10417605	10879340	13863655	13225555	93577709	4596783	17698130	8423771	34414895	37042802	30434253	9212134	14206350	185561272	72713781	74660008	12495998	152637135	25054519	18564004	18274456	26666975	21801555	168432338	29664490	16737840	18075790	14842298	48549565	157640129	
3672834	3428153	63798483	10278893	10833867	78252930	7249951	37401797	21662219	27324979	15481131	8370574	6107178	14835607	23098587	22834737	4022106	5630163	3469271	5173481	7123696	6881811	39955089	168805729	35262564	18887063	12192596	14739858	55288691	15474049	15076944	10126000	5938379	5664199	12429921	18425704	
29535	2193601	8415224	8309360	8133137	1997743	2021081	3391969	5077050	2581251	831057	1698377	2010251	1942954	1492185	2018196	885096	3449179	1022218	6310600	2001603	27592519	2165676	7790016	4264217	1206226	1996917	2225047	6092727	1801559	48276059	2508876	2735278	3116916	136578393	1524884	
303709	391771	822416	1250157	598221	724045	730493	1087906	1221864	542681	2647470	461986	455792	797301	793360	1133334	2449626	3097414	376115	672299	553737	389588	799124	784534	524341	1254123	639685	1742190	901924	2839413	2336819	11443744	1648098	4653127	1194621	1736687	
1898686	4423692	2936602	4210213	5429416	2510132	66105028	5621373	1787058	2677419	1921056	2578914	3774673	2844703	1827105	1307012	2889701	5596876	4531191	4550202	28705852	2437801	22912445	8219405	4434873	11473303	3506290	3385426	6673428	9378743	10587907	5782490	45430439	8439355	55106617	40056227	
3488542	4293155	4412287	16603682	9616032	7987643	9587171	21866100	9589036	11440707	5777886	10376706	15199063	10470092	7819220	4052338	16583141	5564614	61615982	17268621	21841346	26293589	10746865	12517999	9024952	12301594	7659164	66950151	21296804	8440848	14217664	19966358	13181696	13306228	92638030	35140875	
10260789	9279995	11614914	16344138	26198957	23905694	523414692	13313226	8801321	18209784	11993319	14319968	38466652	9370539	7105004	7400451	5435659	16564385	60865605	14565047	19906847	29575204	17545142	12752526	108599449	12690274	18548258	43904562	16276113	32791319	27349514	43644018	21812372	14333910	18363977	20978836	
580393	1335355	101639402	2247378	3873167	5219775	814357	2142077	1813218	2075619	6443513	2451048	1915973	3123699	12930914	10380888	2102776	2432872	4172570	1179624	594370	20105109	916509	7016326	2107954	30597581	37202968	5625638	1925219	5312483	20893477	16119394	4233586	17984660	34291439	25382981	
4558386	3339815	2603836	3493375	2629428	1335778	898388	3834600	2336196	1969230	10791651	1059725	2496604	1920003	1550661	50576377	3797471	1532641	2200915	14203339	108157	1485780	880805	2028849	1797918	7237629	1353393	3663227	1288790	2162717	1706318	4121087	2420052	3634834	11975231	1291942	
3211675	12506489	8284105	10885318	47388318	16256586	6108187	4689622	8195228	21583302	8507008	50763046	10961658	7379397	6453559	9366034	9093208	8600205	4383091	6607769	9023939	7604772	5631991	16759759	52677778	203086673	6491123	13462250	18099894	7785359	7065388	8101739	17228123	21962878	23838393	12351608	
0	0	0	0	0	0	0	0	0	0	0	0	0	0	0	0	0	0	0	0	0	0	0	0	0	0	0	0	0	0	0	0	0	0	0	0	
0	0	0	0	0	0	0	0	0	0	0	0	0	0	303	79653	949500	35411	2	65347	745434	7295	473952	37291	12288	134334	588	35732	650111	342646	86	2701918	1730	0	43792	245853	
302189	523447	1855662	2468329	3037855	1021968	1109569	979123	451463	2562633	205050	1383001	868860	382900	177122	915893	20748257	463152	20128855	2722012	1373357	390343	1544187	758776	1307506	4016132	2766300	33529031	5276033	2807347	2814028	5412077	6474906	732215	2324540	2170535	
1030983	6479092	3544714	11082495	50129989	6250124	22709334	10983001	4641254	5818662	454711982	7037635	11982119	12808686	3628226	5865754	6105451	10954739	4985453	35879406	40739385	43199260	28355210	7278941	3696441	42890760	32222700	11551553	2657649	6927182	3337090	4751966	2974258	2494837	2433837	462582	
1288213	1839128	5181745	4073462	22571048	4356991	13181687	8510818	8321477	6285874	1889209	6318739	5239413	243897917	27817076	29220690	31358539	13334278	5304049	3417173	5370279	4403561	135501098	131507232	95320501	128940361	174698908	188614684	189100653	190798504	448950743	106564319	20260146	4278926	5128706	123519008	
2665477	4844585	10234503	23049323	8478866	10038246	10426404	26476896	38296933	14539945	15866264	14934481	143599186	36511508	20098738	17464954	55568562	28306927	35758922	15615634	28889842	17201919	189628656	56909265	23735517	38110514	22091596	47126137	25432940	13175404	16001682	12956449	18499091	19239965	133925407	56082077	
4305280	12263901	227030685	9962332	14337879	5578151	12123708	22856395	4577473	7401349	21171447	6914678	57678218	15174824	5625502	8863971	4998819	5621512	8439694	14869659	6179878	332628659	259723078	21397053	64163928	11619520	22187130	8927978	14705861	26958505	65822777	18227000	15371858	6793265	10422445	352153656	
670879	1771377	1305377	38978638	2137220	1438026	158097	1709715	1546452	726793	636982	353877	1743499	1047017	793146	5040949	1800047	723126	797153	665981	5023037	1630795	3314453	2857742	3339544	2521680	2619723	2450420	5154031	1539689	2352737	4729811	6272273	1393365	1542712	528067	
703655	649658	4220319	2971156	4402800	2325490	2970904	568543	2931887	1881133	846432	1789169	2428865	2850393	1774012	1531075	1803278	7631521	6628697	5114625	2714517	5184223	2701096	3560665	14231723	73008771	3155175	10690545	10365093	21230237	4239917	2254752	3471579	1620365	4043854	1273864	
996890	6983136	6097849	10488817	5884293	21551481	5003010	4126585	8111160	18389625	7352299	3367790	7522191	4151255	24248090	4381350	16200366	48619053	7009215	34366408	58881914	15927577	10946586	14848027	6563885	31210435	62061165	4551712	12890437	11364396	8873233	7797199	52854160	2955147	7385668	6129017	
2820555	3827358	11032803	18656457	15567838	9545422	7342933	5013969	28293857	275988795	8748896	10430258	10878181	8083497	20869357	6574266	7928137	16109004	15644080	18301798	13174940	19849416	13873284	9641778	15216386	22392184	18775724	8026854	55022642	18434543	18085994	12981955	28069411	22985554	11136326	8317369	
1437444	2931133	5322404	8778610	5273845	4138159	3296217	3354688	9544443	10141726	2219171	5908518	9437253	2722040	4435134	4769300	57584488	15990672	18622565	53532995	8678490	19850607	21166386	31912128	16605937	63274233	20950762	9621526	7065606	5653839	14492495	4508255	2296726	4528415	17199946	12828237	
1185048	3191589	12167336	21397119	97385785	44304505	36244788	27734728	11981315	5788226	5353923	3887362	4413893	2224103	3661757	5968030	2557039	1377054	4286202	1691301	4410604	6175028	7782033	6261305	6822689	12376930	9357666	4499750	4966348	19245245	17123345	15423876	37552466	4864195	5456692	5933321	
966219	2591002	7885469	6888310	51709340	1850175	1661489	12747521	2003537	7477218	2429541	5320218	4712190	3079421	1864185	6093441	8016504	2207793	7408498	1541854	4309153	5178743	22740957	13495452	7489579	5802506	5650551	5507224	4186890	3482013	4767937	13481213	19432475	15321387	10852668	11255521	
1659942	3675894	2365057	4561017	10603694	21065979	4013294	9065780	6137428	3951485	2057895	1205259	6868937	1949764	3002949	15213935	2863749	1682532	3011827	9289125	1338761	2998119	14087978	236558123	9278823	5513221	117930451	26703168	288327975	24374062	45901785	151410244	28331149	26863383	2179746	802471	
0	2573151	24891	35226	526429	715371	559	18432	89421	36879	23768	26056	446442	52206	16123	0	8182	139406	54801	6828	2901	5208	108112	186230	485066	15810	0	0	64469	74184	40592	54850	54067	113234	0	4443	
434019	449684	28667266	27586132	3057350	1358040	2070135	3269096	5258604	2007529	1252883	1263754	2060162	2308044	4336211	3941934	2360189	1347415	1832173	2302341	1381165	1506460	1905491	623798	3176249	3318627	803267	579291	986186	1084413	7441756	1270579	2162267	816423	561414	721918	
37465	124535	707189	239836	975762	100579	118962	521993	286226	435115	24918	63121	338827	14871	1851399	384583	446974	77550	108726	80687	394171	215868	379	127536	184598	753832	1014044	345098	97659	87598	772982	589432	1175260	242480	1093715	922844	
858973	28195935	6208194	4744283	12476099	9629402	14978900	8104404	5962447	2940567	23921803	7385123	6610525	12212595	7247198	6213143	5554623	4762020	2415303	18497964	5740839	27730677	17844838	5812078	6727979	4271707	8506610	6616127	6137267	3292908	11759700	3348599	6757017	9071673	3513103	5086070	
518430	4059711	457924	990470	106297	233413	1592985	8275115	1477590	586457	1893873	803175	1775606	459031	4160221	1856442	2857715	1784894	1515110	410859	794097	249558	4642238	557649	973905	828625	1749075	1075782	1660514	880134	952211	2807207	1764901	365682	682231	91378	
3474703	13041643	18749762	14931070	16463960	19988275	28143617	6070824	21696285	7841957	17493291	39058868	20018181	7064151	11109061	11339819	4004827	32737690	6567383	13261039	10645196	12117940	10625835	18980939	16258329	16968614	26195313	25214084	252181396	21781056	13446807	23499938	250863027	7138953	15967779	1230935551	
5157952	2723858	4710639	2351939	5021419	3804430	1754654	2733267	2288403	507894	2390002	1550056	1683480	2188748	3519439	2424089	2242534	1371417	1186685	1362709	15632014	2238320	21255546	3469082	2454753	6506044	20782156	2079380	4763714	54971437	14887317	5594932	3856804	3128481	4624660	6896351	
0	0	0	0	0	0	0	0	0	0	0	0	0	0	0	0	0	0	0	0	0	0	0	0	0	0	0	0	0	0	0	0	0	0	0	0	
0	0	0	0	0	0	0	0	0	0	0	0	0	0	0	0	0	0	0	0	0	0	0	0	0	0	0	0	0	0	0	0	0	0	0	0	
326662	20313779	5234883	276599958	3471823	2287972	2555548	7062157	6042751	22654821	6892484	4465696	2041565	2480385	3857738	3541030	7945121	9288382	20679070	2904384	3301033	1899469	11536106	12428027	9225731	3862368	7764844	20703342	30024952	9767199	3183154	8122266	8994230	9222954	10766675	18708982	
8875321	4818123	17097624	13811212	11306058	15554362	7754695	10960373	19666759	14985566	32311543	16511202	15568664	19671801	33869257	18761740	27050150	23673329	19113442	15633357	12966309	14448590	23261298	59446496	30218072	33319896	44592913	37520349	101958465	31912004	75869294	30562984	180634005	100479668	47098786	176328534	
7623231	1774839	7358425	5632384	6514888	2853359	6236042	8099245	4265626	7230775	5834422	3541872	3948861	2285128	6319514	59593731	13527032	22347494	26847484	10120029	6723750	26261306	12468397	10314941	9781815	6726490	61453198	63315383	43131707	15646698	12297524	16011614	7418666	62084832	9295751	21128072	
600138481	6226316	4933939	4190601	5309491	9697783	4540117	5374702	9603993	3192364	5059983	41461604	4838096	3908738	5731612	2631224	4075816	4393441	3915593	8665696	7509800	6290076	21263969	7651923	11874332	6227329	61159887	11553561	7789627	21608426	10973469	376781311	11567834	13640693	20638715	17378950	
798230	7234407	4737673	17388918	1998744	29320432	2089277	5472355	9585216	5164817	11290810	2346304	7096605	10462118	2947077	5358166	8381557	10696216	5745557	5551843	2572152	5604420	5635170	5372389	6088863	94023399	5677207	8786156	7962238	2487837	1473619	1640414	23738023	2735990	4481856	2681508	
706598	175137	1847003	1356665	1951681	5917962	3830512	3057517	10124158	3687614	5010070	2401824	22036973	3953775	4261772	2580077	3340472	2020174	6554741	4042909	8824268	1096651	2503809	49239434	5752043	2888224	1594161	1634871	468964	1283688	671279	153425	1025149	280159	296582	274343	
749542	2452388	3241095	216071379	12483014	5009908	5144970	4321290	4157891	9486127	2007170	12912623	1439177	3387768	2043291	7968960	2100880	3536814	3417149	5730664	2459777	13210996	2659636	2126055	14280413	3234662	5176975	1609737	6485607	3280319	223823	877363	2616177	1740316	294226	224972	
3175287	4999424	7650906	11196253	20068511	430927574	12770754	6625796	455727959	15041152	10648644	8485828	10620049	9406189	5758638	9900205	14412576	43225653	8656134	28042357	22388039	22670570	10618085	17466489	45010098	7546328	36389207	2942837	10202929	9086678	4251351	3150788	4698998	4858662	3920293	7022929	
955804	1680795	4220943	22091181	6688681	11545723	8192522	5276861	266308852	48149810	54334449	2079072111	10486671	13246903	10968667	17479335	12673960	6303260	6009582	12957395	10897293	1965576984	270412574	6347852	7645613	4719397	6702635	8341115	5590349	5941581	6680675	5417512	3255068	4788705	106465239	1031543	
728437	15674858	37045563	13346507	13321760	1169631573	40547369	9864431	128545165	15440950	216758969	13367385	82027253	24130305	12530503	19434352	10343157	10923185	97400697	25200191	37094117	25775349	224178795	12918851	19858760	22294215	13043088	13638845	4480457	8409215	5857395	12101436	12382342	5316009	17304217	4891745	
6809107	7112161	14968861	24420645	12968573	22831365	15103742	10996051	52351280	10246019	15802760	119415870	15977294	13428687	45065852	17455171	14490080	18563575	22011851	23511155	14231320	40904617	28317941	21226731	17697440	23388646	24744795	17978728	26218411	12093103	15189902	47377826	22045029	27023611	8168772	6716782	
2610455	4512217	5796029	36082823	23396735	11233474	15866177	23762956	98681102	54319914	12980692	9668166	25220185	17717649	11897926	63727871	13486268	11069025	23233947	8486686	30022697	43728511	37423956	16405571	10923690	17724176	13519277	6719458	4619402	9559432	11503790	145898917	11336876	11124396	6565374	5844394	
1852543	3421017	6587745	16674401	18673649	26258837	20566854	20306470	157728321	19802074	27247879	14496500	23812868	18288582	13045053	10857073	31373332	44883648	41124806	101272547	63856132	37013787	14455577	10260792	11719681	28200237	24752049	38914854	28154910	15822240	9868837	12782779	13364229	12899856	14303144	7031752	
0	0	0	0	0	0	0	0	0	0	0	0	0	0	0	0	0	0	0	0	0	0	0	0	0	0	0	0	0	0	0	0	0	0	0	0	
0	0	0	0	0	0	0	0	0	0	0	0	0	0	0	0	0	0	0	0	0	0	0	0	0	0	0	0	0	0	0	0	0	0	0	0	
0	0	0	0	0	0	0	0	0	0	0	0	0	0	0	0	0	0	0	0	0	0	0	0	0	0	0	0	0	0	0	0	0	0	0	2039	
1824387	2917289	3689244	3314008	3965747	21070858	3104704	5208194	10331900	13994359	3712313	648180	4984222	5430371	7119130	7998559	31631073	12159921	9071777	4354716	3401689	52092845	100485112	1199208715	23941668	9790886	5339280	36934299	6709348	11230770	11726981	10619485	19045895	5347144	7074009	7227497	
8113197	1402536	28906649	6726450	1658021	7633736	1365698	3068371	2394573	3617760	2109321	44497555	3652259	7542746	3664859	338781	1449009	946108	2152043	42002897	2346161	3580207	9231171	10613111	7879512	5831949	9238894	12504695	3689805	4541671	6534899	1634591	4539309	6621469	10911916	17804766	
1810582	7905310	18341918	4202497	2214056	11611378	113678869	4977226	18336898	1963083	1280234	42014880	3568131	1968189	1641531	2343962	10305999	2161802	10454553	3373756	6047997	8021892	11591175	6174135	11612006	4356433	13729314	5757475	14832213	13685643	8113613	5426540	16647983	11547367	4534305	3352655	
890877	3281472	1941103	835997	686522	2286936	747893	901119	771039	646933	2154697	1706827	826659	121519096	6053164	272533	193118	153963	6795573	2839963	363128	425340	258928	225421	137705	143570	139300	86533	305689	380147	514487	406689	712078	424890	41817	59621	
295280	3506912	3276600	6629398	6692384	11703037	7975953	5029148	38036092	3417257	36276912	64304661	14921781	21998994	43038927	4594735	11120987	19064402	122750175	17904798	14583460	9126212	4754553	7431679	6398529	7592715	2605014	7220626	5222549	2093697	2029303	1528501	2019566	2217361	4757033	12177648	
3463766	13022747	3947373	959530428	4805700	15347192	9064950	113141238	79119930	17734075	19958712	8687794	34612297	18636946	38630049	12537979	12037271	19992633	14901966	18339708	6400273	13668378	54102965	16063988	5085110	25072828	20134891	17724043	9441587	11424938	6560419	18587166	27607657	6945989	8823931	57650261	
2951018	44304118	25735017	37163610	7396883	8166714	9283550	3605209	6145137	3616090	24976524	76642366	10728876	3964942	5110218	4505182	6416848	1292912	3195793	2412596	4233083	8374914	6467427	14627398	5819964	5149903	110540516	11853960	10477263	7092501	2373545	42291674	19836407	18426607	22662862	23006023	
1212904	1896232	1720361	1860926	1377623	2142084	32872239	3501062	2455089	143081808	137967096	3921403	5812821	11516175	8007187	2867015	7277895	15864166	4594843	4093925	882252	5384574	7347726	6230477	4577408	2648408	5136281	5165123	25107412	10337559	2253240	2513366	3174522	3140723	4007313	3154247	
1999395	1601410	7087584	79892227	742981051	12263160	80993482	12092908	22700110	9386464	6298836	16253482	7689928	8936098	17316869	18671761	13843750	15025906	12054695	132474385	8428951	8917641	12576445	21704600	20492295	15486974	38288206	13021020	18449974	6604139	314976253	2039188	3096422	4981418	10683553	4797856	
1222581	1387788	10951875	4853149	14003981	9308059	12022543	13322072	4862690	10732439	18871253	71482117	65335238	34687316	38788605	23460019	70376608	52477218	21728462	15540322	20194114	17607061	20262039	28038941	26406652	24416815	28468537	39205380	37004824	22889249	55826703	24901701	79627610	9207055	273522885	274302319	
828624	643292	1442603	3868953	8646382	14137581	19878138	9070143	643560715	11738644	8383386	6700902344	24264723	16257769	19788842	15627916	11215824	20964856	12036266	10388972	8272402	8550147	15843188	18010651	19634630	66293579	15610410	19851196	12106841	13990379	8005361	7499928	6051418	3410941	25516336	2092191	
2958960	1357182	37113	2575225	1913044	554916	1528237	2559630	928410	912516	1372729	1557861	4602299	732703	3180927	1821313	3846337	774613	3123176	1976888	2338397	12755737	3640544	2870952	1660627	3161085	978512	1384376	550053	811122	4818332	1978588	1041660	63436994	12568022	7655774	
0	0	0	0	0	0	0	0	0	0	0	0	0	0	0	0	0	0	0	0	0	0	0	0	0	0	0	0	0	0	0	0	0	0	0	0	
0	0	0	0	0	0	0	0	0	0	0	0	0	0	0	0	0	0	0	0	0	0	0	0	0	0	0	0	0	0	0	0	0	0	0	0	
0	0	0	0	0	0	0	0	0	0	0	0	0	0	0	0	0	0	0	0	0	0	0	0	0	0	0	0	0	0	0	0	0	0	0	0	
0	0	0	0	0	0	0	0	0	0	0	0	0	0	0	0	0	0	0	0	0	0	0	0	0	0	0	0	0	0	0	0	0	0	0	0	
114469	226297	1153705	1855859	1461385	2531340	4162840	3129583	8548759	11624425	3796319	3410117	9223637	5110013	4088653	7890904	10959605	9451112	2586323	2760360	2403248	28883986	26334068	2562388	8013740	6782004	7726182	1107108	2511134	4548533	342967	586459	1312999	18541470	2288607	1618343	
7166534	1580089	4410116	2968369	5987813	5231081	6124673	19917430	17762013	3729920	10657522	34252251	7147667	8961693	34271616	8232601	3615825	8699033	6004313	6096969	3898911	7371501	3710662	7077591	17466659	6551982	9407976	14601583	7246058	8398485	7057996	8672704	15248669	19599825	14083823	9628964	
2374699	3264703	258055307	14513251	15125609	11159042	4367788	5380633	5040045	5257929	8253033	49834557	7434809	10847502	26395997	11893502	19755698	8072500	18561164	7598793	16409305	9252810	10812957	8256934	8563680	6954262	5490498	5679701	6186428	6239273	3671849	3623272	16817379	57337896	10108292	19668203	
629484	420616	1560149	6042364	1305204	1030756	1751473	1369909	3410997	1676832	1773448	5026180	10630405	4304986	3107662	15298569	1020816	1093573	1990195	4733738	7891860	12164004	31648578	11881267	24139173	5432605	2708337	2540841	3834195	1774354	2027726	1474573	2222620	3407597	3885307	4150385	
631104	1144206	9381551	14249154	3465019	4607889	5982442	9300157	10068925	2510804	13203940	2635566	2617437	7785418	5518345	1781615	1370356	12012485	4692863	15558894	33104937	19179844	6259126	11579249	6492423	8313434	4506333	974425018	17548919	264131235	3175441	11866330	21713488	5514389	9343036	3253472	
46211653	5424289	7847335	15729567	223760596	5282284	11419978	4350434	8670111	11960086	5134867	265991937	8046089	13522295	63114720	3917917	3665877	4640156	34375472	4510587	16319579	4376898	6649906	126735772	12841850	31101050	10917075	13096240	4264062	27673454	46148627	7133394	43387041	9316418	39309439	9505207	
14835915	30141840	327241883	11899669	110491795	13398285	6167305	9931880	20078142	19351438	6827190	8124890	13616501	13629923	5622076	31547214	10275285	6605291	6039611	6353499	6037019	7675069	8863450	16686527	559519469	17842120	128269737	36542711	10212614	40302117	13346985	531752772	7512265	12696861	21099653	15005712	
165068	329597	2019806	1363758	2432416	3070075	9416266	3306777	6565941	2182271	8993894	3791188	5102436	10040033	25160760	5473842	10733095	7644720	6497829	6701981	5548702	5949152	168046225	6208432	1742380	2508058	1542233	6641733	1193587	4613076	621581	25672321	425759	992420	864326	762310	
1451876	3044902	2434737	6668007	70554451	84436478	14630062	36662219	37648049	15204508	26827388	14551704	158027268	21336128	41617842	16518171	19915035	91732218	37804009	18222468	232146388	14863926	21156257	30449412	38370987	33415475	52048983	24991328	12967919	45635131	7503230	4089136	6657070	7664962	6652424	6934902	
71721	130029	1775375	7559306	34844522	10813406	2324092	3562931	15576396	4734505	5233580	6571672	13261925	5303350	3230213	215057591	8603968	539877428	11935272	6668473	3614963	6381896	4957508	9626000	11819574	2719984	5418691	8168206	9331398	3149330721	2946061	1358504	3513230	390744	93867	92677	
1980792	1042644	953962	6401419	2181482	6412325	2899346	1786589	2798903	2644081	1085846	3584538	9036511	2154721	1303475	2921037	3176776	2723979	1850749	9355856	6300344	8244360	2787287	3654126	2901035	5343559	24021266	3499117	23350592	4399259	1502911	1462192	2613577	2893271030	69726126	30651911	
1380853	1160392	482524	705367	886307	404923	12270181	1307374	1674719	1945098	5617742	1580688	1209820	626816	2042051	775573	1148435	684576	707173	234116	393397	178708562	498105	1759573	520877	653345	919262	1576922	48445606	23782501	15503526	6364249	918525	519185	1632465	51671803	
0	0	0	0	0	0	0	0	0	0	0	0	0	0	0	0	0	0	0	0	0	0	0	0	0	0	0	0	0	0	0	0	0	0	0	0	
0	0	0	0	0	0	0	0	0	0	0	0	0	0	0	0	0	0	0	0	0	0	0	0	0	0	0	0	0	0	0	0	0	0	0	0	
0	0	0	0	0	0	0	0	0	0	0	0	0	0	0	0	0	0	0	0	0	0	0	0	0	0	0	0	0	0	0	0	0	0	0	0	
882085	1166795	1695441	3534245	11414971	14798018	8116118	5669711	6641184	52377634	3969999	3593134	8065794	5977192	25919650	3766758	7386836	3103050	4490486	2533005	3554327	7421623	9617344	6104087	2765900	15026019	5190403	4610398	3223117	3844135	9297692	23322249	1859976	2696959	12007269	46386435	
2149688	987919	810755	4384137	5598127	2691721	2157175	1147119	2621905	897253	2267549	2672661	5548841	2876928	2410643	2231586	1433105	1273172	1232630	8152324	4984708	5543142	9168029	8509971	6004385	7772812	8455327	8041941	6594746	15484211	7490874	26861716	33723430	5376205	4452349	5522039	
31984166	35724943	5784867	7413903	16036781	5501432	5057924	3178223	6412389	5328014	4718214	10373957	4187359	3759788	3790019	3552903	4292438	8877471	1754389025	4548047	29656877	4495585	8602448	10041825	21978251	8333240	25303968	11108066	21151979	4762299	8330164	68087642	4186270	6143371	7793871	14568944	
2782231	650149	2687490	9521395	2917386	3137695	19730312	2457233	3483993	2286314	3304058	21501884	10438581	4672020	3120870	8741180	1692515	1746319	4783720	3915145	11022770	13015999	17075377	20493575	8275286	61654998	14017582	31632131	10386948	40167635	27837566	29367495	6762380	20192080	57320067	5456781	
423540	94526	755541	87942583	41955633	1176496	3130908	826591	1588541	1252207	198694	788971	8401882	1496315	1061826	6201763	14625088	935559	507472	1318482	975534	2237857	31191505	679759	1326546	3617151	352040	1056985	2137674	1627464	380032	85247	512496	484728	477864	89423	
1304905	11458160	6409086	5062448	3807297	6533037	6930033	2923703	3679801	5717225	4270039	3300003	4310173	4796521	3089628	3447571	11262110	7719215	1524516	3703069	4083076	3484165	12225863	4338879	21970310	6222770	11364149	12053959	16196516	6700898	3235081	6490329	6300895	7766567	6738073	5107420	
3909306	1011550	3799624	6161078	298895387	1300791	3167965	3172243	2189296	3933026	4497417	2225410	2089282	3049829	1571842	8025649	16496045	1417444	4817485	2536400	29855870	13714263	11567735	44336999	2029674	5762604	1397131	73896579	122913656	4057896	2676028	28293772	8166302	8333776	5471036	5039622	
820770	703484	3106556	1778696	791154	69146354	1304331	2857843	711398	2005171	3180697	600926	4260556	18352582	871873	536570	272604	639572	1120843	1240297	870008	2357796	4633249	929948	720405	1197248	968941	924902	4624477	1435260	1032999	438393	8727754	1370716	2752822	7157827	
277561	147055	86245735	4473796	1127666	1417185	1996546	2744796	2297384	618586	1854679	709354	564054	1256815	311042	5954856	1199906	1198104	1645215	1639901	724245	1646231	1111987	1650543851	634626	2439514	25688280	1702342	1197827	2294548	1711776	240541814	240706956	3683462655	10222944	3317377	
0	0	0	0	0	0	0	0	0	0	0	0	0	0	0	0	0	0	0	0	0	0	0	0	0	0	0	0	0	0	0	0	0	0	0	0	
203834	1320350	428018	652214	1108704	1462947	308365	1746005	976852	678783	516238	1881069	8750713	1511812	7967333	609381	1098059	1201677	280702	2196366	776381	934463	931201	1188622	1339720	1916738	608488	243028	938181	340725	410313	321393	1081500	264074	312214	776756	
